Transaction_ID,Timestamp,Sender,Receiver,Amount,Location,Hour,Fraud_Flag
UPI7CE1547076FB,2023-09-09 18:12:56,User_1525,User_8082,3233.68,Chennai,18,Safe
UPIE3D0B808763F,2023-08-10 22:50:05,User_8275,User_7794,1430.34,Delhi,22,Safe
UPIFFBE9EE69CA4,2023-12-14 16:03:49,User_3122,User_3297,4645.69,Mumbai,16,Safe
UPI4A208430E15B,2023-11-12 22:44:16,User_5863,User_7884,7028.4,Ahmedabad,22,Safe
UPI355EED2552C3,2023-06-20 19:41:13,User_7742,User_2903,1033.61,Mumbai,19,Safe
UPI57AD95260130,2023-11-08 08:26:33,User_4829,User_1215,5237.44,Jaipur,8,Safe
UPIDFC1FA341D16,2023-12-07 22:25:10,User_6476,User_9992,940.04,Bangalore,22,Safe
UPID69F6745833E,2023-09-16 12:38:24,User_9543,User_6616,2799.43,Hyderabad,12,Safe
UPI88D15557EE8D,2023-12-08 22:26:12,User_2296,User_7971,3134.87,Ahmedabad,22,Safe
UPI5A223C22DD5A,2023-12-30 11:23:47,User_9814,User_1689,7576.47,Pune,11,Safe
UPI8464D6BFD569,2023-07-02 18:56:48,User_6104,User_9097,580.6,Delhi,18,Safe
UPIEA4648763622,2023-05-22 07:52:06,User_3822,User_9291,1992.23,Ahmedabad,7,Safe
UPI03847EFF47F3,2023-11-27 17:15:49,User_4106,User_1598,2137.73,Chennai,17,Safe
UPIBA580AF8743D,2023-10-25 12:05:58,User_5047,User_4408,5859.6,Jaipur,12,Safe
UPIAC459A2300FC,2023-08-20 15:38:51,User_1714,User_1094,3377.92,Delhi,15,Safe
UPIB92D8039615D,2023-03-29 07:57:22,User_7837,User_6038,5717.81,Mumbai,7,Safe
UPI20E96A2489C9,2023-08-04 17:09:44,User_9762,User_8490,6875.61,Chennai,17,Safe
UPI2D7E478DBD41,2023-06-25 16:12:25,User_2967,User_8176,9921.83,Lucknow,16,Safe
UPID2732368BF99,2023-02-15 13:19:00,User_3064,User_5392,2479.6,Jaipur,13,Safe
UPI17BF2DB6BEEB,2023-05-02 22:53:17,User_9499,User_2887,6079.79,Lucknow,22,Safe
UPIB1720494D692,2023-02-28 22:27:55,User_4047,User_3409,463.47,Kolkata,22,Safe
UPI588AF510682B,2023-09-21 11:31:58,User_8156,User_5664,3070.54,Pune,11,Safe
UPIA4A1D77782AE,2023-07-08 12:11:42,User_1323,User_4768,138.86,Lucknow,12,Safe
UPI8985F5659A6B,2023-06-16 16:45:48,User_9172,User_7553,8849.36,Mumbai,16,Safe
UPI130CF5CC122D,2023-01-18 17:58:42,User_8370,User_1683,4845.21,Jaipur,17,Safe
UPID78D53D9ED95,2023-05-03 18:53:49,User_2140,User_8574,1080.13,Bangalore,18,Safe
UPI957649063E2F,2023-10-04 09:43:37,User_6394,User_1231,5857.55,Jaipur,9,Safe
UPIE581719FC701,2023-12-25 12:14:21,User_3301,User_1600,7980.73,Delhi,12,Safe
UPI13D3F0149D6C,2023-01-13 17:19:02,User_3595,User_5561,5866.02,Lucknow,17,Safe
UPI01AA93AD4A35,2023-12-07 13:14:39,User_2400,User_4157,8651.2,Chennai,13,Safe
UPIEBAD7E28D624,2023-02-27 07:04:04,User_8173,User_8322,1883.29,Jaipur,7,Safe
UPIABC08B8050D5,2023-05-13 15:02:01,User_5411,User_3120,3982.49,Bangalore,15,Safe
UPIE1ACF256098D,2023-03-29 14:07:04,User_7267,User_9513,9678.93,Bangalore,14,Safe
UPI4CC25F7CF7AF,2023-11-03 08:21:42,User_7203,User_9189,4801.55,Ahmedabad,8,Safe
UPI5391457F1934,2023-08-20 10:44:37,User_8196,User_7466,3440.81,Kolkata,10,Safe
UPIFB3BCB93E90A,2023-10-27 15:56:28,User_4013,User_1941,9198.98,Hyderabad,15,Safe
UPICA5EF0C8D919,2023-05-24 09:53:34,User_4445,User_6566,6127.71,Ahmedabad,9,Safe
UPI4D5520E2E8DC,2023-11-28 20:56:28,User_5644,User_7132,7518.59,Ahmedabad,20,Safe
UPI41CE7A51AE92,2023-12-23 06:55:16,User_2353,User_5408,7894.3,Lucknow,6,Safe
UPIE873965A8B88,2023-04-05 08:01:33,User_7041,User_9014,4878.8,Lucknow,8,Safe
UPI93ABF1232205,2023-12-07 20:20:53,User_5671,User_9742,3421.53,Mumbai,20,Safe
UPIC6C0EBAB0DF9,2023-05-17 12:42:52,User_8822,User_3299,9433.3,Ahmedabad,12,Safe
UPI9C4FB462F369,2023-09-22 12:51:44,User_4487,User_5879,983.76,Mumbai,12,Safe
UPIDFF30A2CF201,2023-06-11 22:52:25,User_3885,User_5140,2292.22,Kolkata,22,Safe
UPI140F5B3969FA,2023-04-07 20:27:36,User_5581,User_7478,6813.78,Mumbai,20,Safe
UPIC76C27507B36,2023-06-06 13:35:02,User_6156,User_1211,4695.3,Mumbai,13,Safe
UPIC89E5E233E09,2023-11-24 14:36:41,User_8547,User_8245,2132.91,Hyderabad,14,Safe
UPI8AF00BA29D81,2023-07-08 13:10:08,User_8767,User_4357,1783.87,Hyderabad,13,Safe
UPI591AC22B2523,2023-06-01 08:02:21,User_9903,User_4376,2780.83,Pune,8,Safe
UPIE31E09135FAD,2023-11-03 18:08:26,User_2156,User_6065,9413.95,Chennai,18,Safe
UPI265529653766,2023-11-21 23:58:52,User_6647,User_7731,9758.18,Delhi,23,Safe
UPIA44FD888CD7F,2023-12-15 17:32:05,User_9214,User_7256,8223.79,Pune,17,Safe
UPIAD1F2EBAA62B,2023-03-27 21:30:55,User_9932,User_3413,6072.77,Lucknow,21,Safe
UPI45B8E2A4F3C5,2023-08-02 15:47:41,User_6583,User_2585,8543.6,Hyderabad,15,Safe
UPI2BB3577157A3,2023-12-27 14:23:44,User_1105,User_2218,7995.88,Pune,14,Safe
UPIE0484EB96FEA,2023-07-03 12:34:00,User_8147,User_3431,1811.06,Bangalore,12,Safe
UPIA260A877D349,2023-09-08 22:21:56,User_3553,User_3925,3705.51,Jaipur,22,Safe
UPI79304EBAFBD3,2023-01-04 19:24:21,User_7731,User_8197,4146.1,Ahmedabad,19,Safe
UPIE03BC0C78299,2023-04-15 09:21:21,User_8563,User_4708,4145.94,Jaipur,9,Safe
UPIB71493415BC9,2023-01-01 10:45:17,User_2439,User_6180,3859.4,Hyderabad,10,Safe
UPI806AF2E4D85E,2023-12-04 22:24:31,User_7711,User_1069,9592.72,Hyderabad,22,Safe
UPI2B0AC1B79E6E,2023-12-02 23:57:59,User_7299,User_1071,1803.17,Delhi,23,Safe
UPI5F45E2532E9C,2023-05-08 16:57:45,User_1961,User_9766,2533.5,Lucknow,16,Safe
UPI84403AB22805,2023-06-06 23:49:19,User_3234,User_8562,2891.13,Kolkata,23,Safe
UPI6422343DDCB1,2023-04-17 07:18:20,User_2481,User_7438,9488.84,Lucknow,7,Safe
UPIE2FD1429F3A3,2023-05-19 19:59:01,User_4480,User_6377,7728.04,Ahmedabad,19,Safe
UPIBA0B5C5C94B0,2023-01-05 16:02:15,User_9787,User_8691,7902.13,Chennai,16,Safe
UPI829465CDE1BF,2023-09-18 10:56:10,User_5705,User_3278,5987.67,Jaipur,10,Safe
UPIE53ACE8CD5C1,2023-05-23 12:42:39,User_2847,User_2804,3497.89,Bangalore,12,Safe
UPI0AA65851A1F3,2023-08-10 07:15:40,User_1402,User_6754,2654.19,Hyderabad,7,Safe
UPI2EB6016CC103,2023-08-16 16:13:14,User_4859,User_4215,8362.15,Jaipur,16,Safe
UPI10E8F42ABCB6,2023-04-25 09:49:09,User_2489,User_7263,9597.33,Delhi,9,Safe
UPI6B1532C52F39,2023-07-16 13:04:49,User_6235,User_8056,756.16,Chennai,13,Safe
UPI3D8BB44EC8FF,2023-04-28 13:14:16,User_4064,User_7710,8930.41,Chennai,13,Safe
UPI9D68E9361647,2023-05-21 09:58:14,User_9119,User_6784,7775.78,Ahmedabad,9,Safe
UPIBE8BEDF1BE83,2023-05-16 12:41:00,User_8931,User_7199,6277.09,Chennai,12,Safe
UPI974F1489FE38,2023-06-03 22:26:23,User_1025,User_3181,882.78,Kolkata,22,Safe
UPIC0EE7CD11B29,2023-07-15 11:01:35,User_1505,User_3812,5082.03,Jaipur,11,Safe
UPIBFA5AEDA7209,2023-12-16 16:51:44,User_1552,User_1755,4321.81,Ahmedabad,16,Safe
UPIAF2FFD299840,2023-02-28 14:54:46,User_7632,User_1329,5341.67,Jaipur,14,Safe
UPIAE3BEC021DEC,2023-09-28 10:45:01,User_5728,User_8074,7859.1,Pune,10,Safe
UPI8A234440B858,2023-07-10 10:55:52,User_7825,User_4963,8682.77,Hyderabad,10,Safe
UPI160E2A9C3F11,2023-12-05 23:05:17,User_6367,User_2742,4684.06,Chennai,23,Safe
UPI1BEF419B1DDC,2023-01-14 09:05:20,User_5442,User_3287,9059.1,Pune,9,Safe
UPI8121ACEC84B0,2023-04-15 20:08:27,User_5121,User_7901,1544.4,Jaipur,20,Safe
UPI4AFB72EABCB6,2023-04-26 21:03:11,User_1540,User_3440,7296.39,Chennai,21,Safe
UPID5ED9273C91F,2023-03-17 10:11:47,User_9003,User_3923,2131.72,Bangalore,10,Safe
UPI753ED203C40C,2023-09-08 08:15:45,User_8237,User_5290,1412.54,Hyderabad,8,Safe
UPI8ACBD8F8BE7C,2023-10-15 21:31:10,User_2926,User_9884,2015.07,Chennai,21,Safe
UPI2144D8CD3176,2023-11-20 09:07:21,User_7568,User_2638,3358.1,Bangalore,9,Safe
UPIDE1C3FAA7F36,2023-06-01 07:02:48,User_9828,User_7076,2694.87,Mumbai,7,Safe
UPIE319EAB4E8E2,2023-09-22 12:56:36,User_3567,User_4574,5204.8,Mumbai,12,Safe
UPI662E0A4611D7,2023-12-08 23:57:18,User_1519,User_1081,5088.38,Lucknow,23,Safe
UPI1286512E569F,2023-08-28 13:37:00,User_5722,User_3652,8265.61,Chennai,13,Safe
UPIA2B46DF25951,2023-06-23 17:57:26,User_9207,User_7438,8962.4,Mumbai,17,Safe
UPI549B34F2D5B0,2023-07-07 02:56:18,User_3045,User_3301,301477.17,Jaipur,2,High Risk (Amount Outlier)
UPIE4AC38777F05,2023-08-31 09:39:59,User_1739,User_9753,4308.9,Pune,9,Safe
UPIE9EE1C86B02B,2023-03-02 17:39:14,User_4989,User_6911,2443.43,Kolkata,17,Safe
UPIE40F249F141B,2023-09-25 09:30:56,User_9694,User_3447,2326.13,Jaipur,9,Safe
UPIFEFDCF9EF620,2023-02-23 11:47:29,User_4496,User_2891,3191.18,Delhi,11,Safe
UPIF4D8B0FB03C6,2023-07-12 09:03:23,User_7567,User_4848,9106.93,Ahmedabad,9,Safe
UPI9E9E19B59D73,2023-03-14 17:45:18,User_2299,User_3063,6236.57,Mumbai,17,Safe
UPID05914B34E0A,2023-01-28 06:14:10,User_1249,User_2515,6578.09,Chennai,6,Safe
UPI856D58682003,2023-01-12 03:26:28,User_3489,User_3373,341067.23,Chennai,3,High Risk (Amount Outlier)
UPI6AF4BC76DA61,2023-06-10 21:51:22,User_5749,User_4845,1433.06,Hyderabad,21,Safe
UPI860534527F0B,2023-10-16 21:24:56,User_8097,User_4139,4282.21,Mumbai,21,Safe
UPI32D49F173931,2023-01-29 06:46:24,User_2188,User_8335,139.95,Hyderabad,6,Safe
UPIAFD88D3BA541,2023-07-29 03:32:01,User_8551,User_7230,436827.01,Chennai,3,High Risk (Amount Outlier)
UPI92CBBC0B2BC6,2023-12-05 06:13:51,User_1320,User_2971,9827.26,Delhi,6,Safe
UPI241DD2919F24,2023-05-09 06:09:59,User_7632,User_9606,6255.68,Pune,6,Safe
UPI7EA341B8C79F,2023-08-22 11:32:39,User_3099,User_2866,7831.95,Hyderabad,11,Safe
UPI6735C74CC2E9,2023-06-13 07:03:40,User_5097,User_8489,7702.58,Delhi,7,Safe
UPIF98B4F725E4E,2023-03-20 21:02:24,User_4773,User_4624,2839.0,Chennai,21,Safe
UPIA4215D7A9639,2023-06-08 09:09:57,User_3420,User_9528,416.52,Chennai,9,Safe
UPID43C5FE4408E,2023-04-12 18:46:30,User_3063,User_5754,726.06,Delhi,18,Safe
UPI1A076AD558EC,2023-07-02 06:46:07,User_6004,User_2145,9724.1,Kolkata,6,Safe
UPIE4642160F282,2023-04-28 14:19:13,User_9190,User_6726,3446.59,Jaipur,14,Safe
UPI9810FB7F334A,2023-10-11 16:35:31,User_1602,User_6800,2594.59,Bangalore,16,Safe
UPIE0FD33879894,2023-05-25 07:52:05,User_9502,User_5005,2913.57,Delhi,7,Safe
UPIE66C4C9D5477,2023-04-14 14:36:36,User_4895,User_5321,4047.47,Mumbai,14,Safe
UPI38D83D8C1B7E,2023-09-13 23:49:11,User_1232,User_5281,7077.5,Mumbai,23,Safe
UPICE1C74188145,2023-11-27 22:03:41,User_9730,User_1174,7777.49,Ahmedabad,22,Safe
UPI767AD912D216,2023-11-30 15:38:08,User_2571,User_2820,9776.56,Hyderabad,15,Safe
UPI38315DDD1C76,2023-10-04 16:07:29,User_2601,User_8874,5004.24,Hyderabad,16,Safe
UPI92862B0ED104,2023-03-03 10:23:07,User_2241,User_2185,5920.53,Hyderabad,10,Safe
UPI8479DD289134,2023-03-23 16:41:42,User_2160,User_7267,7339.64,Chennai,16,Safe
UPIBA08BF536F5B,2023-03-11 17:14:50,User_2345,User_4922,2331.61,Lucknow,17,Safe
UPIC52DE937DD85,2023-10-15 15:52:51,User_4359,User_4648,4661.73,Delhi,15,Safe
UPI36FCFAE42C4A,2023-08-29 07:46:05,User_9098,User_3278,8447.59,Lucknow,7,Safe
UPI73A0E7EA1B6B,2023-08-11 02:44:24,User_8150,User_1781,154154.2,Kolkata,2,High Risk (Amount Outlier)
UPIC68C3BC4F4C0,2023-01-23 17:13:22,User_6824,User_4487,2827.24,Delhi,17,Safe
UPI099367088F72,2023-08-30 08:33:46,User_6620,User_7307,5493.28,Ahmedabad,8,Safe
UPICB2945A915E2,2023-07-01 13:02:43,User_2839,User_7339,9518.24,Ahmedabad,13,Safe
UPIA68B6644BD20,2023-02-15 20:08:11,User_5491,User_6468,6487.85,Pune,20,Safe
UPI8AC19614AF7E,2023-11-14 20:09:17,User_7396,User_3744,4951.06,Ahmedabad,20,Safe
UPI52FA8134960D,2023-09-27 19:50:19,User_6921,User_5331,74.09,Chennai,19,Safe
UPIB239F2581FC1,2023-05-08 14:47:18,User_7922,User_4912,3766.54,Bangalore,14,Safe
UPI25729D069DBB,2023-01-17 10:29:39,User_2412,User_6624,3675.14,Delhi,10,Safe
UPIC745037C60DE,2023-11-22 06:41:37,User_3449,User_9265,8478.08,Kolkata,6,Safe
UPIE4D471863785,2023-08-10 04:27:20,User_7678,User_3921,103249.89,Bangalore,4,High Risk (Amount Outlier)
UPI9FC819C3FA24,2023-07-14 20:46:30,User_1723,User_3945,6192.07,Hyderabad,20,Safe
UPI7C1FD88B1D06,2023-08-14 13:55:35,User_3167,User_8097,9066.93,Lucknow,13,Safe
UPI5FC827397BBB,2023-02-05 17:35:53,User_4442,User_5992,9537.09,Chennai,17,Safe
UPI330F7F60003A,2023-04-13 17:15:20,User_6594,User_9472,9554.88,Chennai,17,Safe
UPIF2C27F0D03F9,2023-02-21 09:18:50,User_6714,User_3438,2952.88,Bangalore,9,Safe
UPI75704160C280,2023-02-27 06:52:28,User_3880,User_6809,5906.41,Bangalore,6,Safe
UPIE19DE3972C2B,2023-07-10 13:44:30,User_8430,User_2869,2033.02,Delhi,13,Safe
UPI34B7822B4A62,2023-07-20 22:43:37,User_5214,User_7317,7540.08,Ahmedabad,22,Safe
UPICD2050049DAD,2023-03-13 08:42:32,User_9967,User_6960,7088.73,Lucknow,8,Safe
UPIA2C0D18D32D5,2023-09-20 07:03:58,User_1625,User_4400,8760.13,Kolkata,7,Safe
UPI2E2629A61F54,2023-01-10 16:20:20,User_9993,User_6772,3921.64,Delhi,16,Safe
UPI53D0A8D46E21,2023-03-15 20:43:45,User_6929,User_7041,8289.43,Ahmedabad,20,Safe
UPIF8F3B77EF839,2023-05-17 14:26:32,User_5019,User_2950,9429.86,Lucknow,14,Safe
UPI6CD15ECC7FB9,2023-11-16 16:43:27,User_7675,User_1173,1622.56,Chennai,16,Safe
UPI4018E35F1581,2023-04-21 03:29:23,User_9695,User_9144,365225.45,Lucknow,3,High Risk (Amount Outlier)
UPID2731F6F6B1E,2023-03-21 15:10:40,User_8882,User_2649,5788.02,Kolkata,15,Safe
UPI2960981D7D76,2023-11-11 13:59:56,User_4637,User_6102,7221.19,Hyderabad,13,Safe
UPIC078C0349F8A,2023-07-23 23:22:26,User_2503,User_5080,9423.93,Lucknow,23,Safe
UPI8235AD370548,2023-10-15 12:25:00,User_8169,User_1716,1623.7,Hyderabad,12,Safe
UPI03AB6EC7CF27,2023-09-18 10:11:32,User_7485,User_5481,5179.2,Ahmedabad,10,Safe
UPI00A25968E527,2023-06-28 06:33:44,User_9183,User_8375,7434.58,Mumbai,6,Safe
UPIEC2D75AE6F0A,2023-11-11 09:14:36,User_1586,User_4337,6269.35,Pune,9,Safe
UPI6292D3743477,2023-03-28 18:54:01,User_4358,User_8722,2387.18,Kolkata,18,Safe
UPI1DB388E2380E,2023-11-25 11:16:02,User_3750,User_3861,5037.46,Jaipur,11,Safe
UPI55FF7BE84BF2,2023-10-23 11:11:41,User_9790,User_6041,2978.68,Hyderabad,11,Safe
UPICA03094856F0,2023-02-21 07:17:27,User_4567,User_5858,5265.8,Ahmedabad,7,Safe
UPI5F3894CBBE4A,2023-04-05 03:33:51,User_4147,User_9249,91068.28,Bangalore,3,High Risk (Amount Outlier)
UPID9FECA1B3D31,2023-12-24 18:18:53,User_4939,User_4011,6260.67,Hyderabad,18,Safe
UPI81F63A99D444,2023-08-31 11:18:00,User_2360,User_8221,2524.15,Jaipur,11,Safe
UPID3BE746DFFDD,2023-08-28 13:24:00,User_8124,User_4548,345.83,Lucknow,13,Safe
UPI4B29334AB658,2023-07-30 13:32:41,User_9537,User_7302,1543.17,Delhi,13,Safe
UPIE7A71B0D17FB,2023-11-17 15:38:06,User_9860,User_8566,8346.95,Delhi,15,Safe
UPIE014DD28D331,2023-12-24 23:45:03,User_1167,User_7516,3496.04,Pune,23,Safe
UPI7C2DE76E06CB,2023-10-15 14:25:42,User_9865,User_8670,4886.84,Chennai,14,Safe
UPI1646E91A8AF7,2023-08-30 20:16:37,User_9739,User_4919,6485.39,Delhi,20,Safe
UPI5C6BC2C7165A,2023-06-24 10:25:58,User_9020,User_7500,5708.97,Ahmedabad,10,Safe
UPI01AAD300E1FD,2023-05-28 02:16:08,User_5786,User_8767,308792.49,Ahmedabad,2,High Risk (Amount Outlier)
UPI497E7144F306,2023-09-23 04:11:49,User_6640,User_8513,364877.18,Chennai,4,High Risk (Amount Outlier)
UPI75A8DE05C931,2023-09-21 22:15:45,User_3769,User_3847,3104.53,Mumbai,22,Safe
UPI96D23A4F544F,2023-08-06 11:45:46,User_3184,User_5492,2393.64,Chennai,11,Safe
UPI37D7C542193C,2023-07-18 09:18:25,User_1517,User_3064,1629.66,Jaipur,9,Safe
UPI3401D4882AF0,2023-07-25 21:39:24,User_8736,User_6894,8299.74,Hyderabad,21,Safe
UPI5483FF9B0513,2023-06-11 02:38:19,User_5740,User_6874,258880.31,Lucknow,2,High Risk (Amount Outlier)
UPIF3324B455558,2023-09-14 10:48:47,User_1532,User_5213,9336.43,Lucknow,10,Safe
UPI8596C32D1C65,2023-08-26 22:14:37,User_5274,User_9226,5873.98,Lucknow,22,Safe
UPI6252D830635D,2023-08-02 15:36:43,User_2681,User_7269,9812.24,Jaipur,15,Safe
UPI4A3F1F5C728B,2023-12-19 23:26:35,User_3717,User_2366,1665.09,Chennai,23,Safe
UPIFC77D9F5C32B,2023-04-26 19:20:41,User_7232,User_1676,8184.82,Chennai,19,Safe
UPIEB1BA6E567F9,2023-12-12 15:35:45,User_6659,User_2942,401.16,Pune,15,Safe
UPIEF851EABF4BB,2023-04-12 14:40:47,User_3164,User_1613,4408.87,Bangalore,14,Safe
UPI50E52444772F,2023-09-02 07:57:19,User_1878,User_1480,3948.56,Pune,7,Safe
UPI2757504B62C3,2023-05-16 08:29:28,User_5238,User_3234,7839.46,Bangalore,8,Safe
UPI83F64B1EA3A4,2023-04-10 06:59:24,User_3718,User_3632,2138.29,Chennai,6,Safe
UPIDB6F9A11F4C0,2023-03-21 18:48:18,User_5447,User_1193,5347.91,Delhi,18,Safe
UPI9241977A0D92,2023-11-24 21:33:05,User_6693,User_2410,6742.13,Chennai,21,Safe
UPI43E9FCAE6AAE,2023-08-18 21:14:07,User_9013,User_6171,4211.83,Lucknow,21,Safe
UPI23981E1CF3EF,2023-09-22 10:09:20,User_3488,User_3705,657.13,Kolkata,10,Safe
UPICE57F86F40EA,2023-02-22 12:02:20,User_3717,User_4765,8364.29,Lucknow,12,Safe
UPIFED7F3CCEBCB,2023-08-30 06:03:01,User_4125,User_1451,9202.54,Mumbai,6,Safe
UPI68A0EFDBD0C2,2023-04-14 08:47:44,User_4992,User_1836,2732.58,Jaipur,8,Safe
UPI4E857C11B4C4,2023-10-08 14:05:14,User_5432,User_5696,4773.98,Bangalore,14,Safe
UPI89FCAD436D3C,2023-03-19 23:57:11,User_6333,User_7005,9919.53,Bangalore,23,Safe
UPI45216E2AA168,2023-01-06 10:15:57,User_5408,User_1455,4337.32,Mumbai,10,Safe
UPI2EEB217344AD,2023-05-24 13:23:52,User_6544,User_4682,892.71,Bangalore,13,Safe
UPICDCA5BD0D204,2023-05-31 18:47:08,User_9903,User_9581,3795.33,Delhi,18,Safe
UPI63461CC299F7,2023-03-19 12:25:38,User_1204,User_4667,3258.9,Hyderabad,12,Safe
UPI4854B21BDBC3,2023-08-14 20:36:11,User_2012,User_7165,834.63,Kolkata,20,Safe
UPI6A522F57D803,2023-04-05 21:24:47,User_5159,User_8251,1858.36,Ahmedabad,21,Safe
UPI539105C49533,2023-08-26 19:22:30,User_1324,User_2972,4195.33,Chennai,19,Safe
UPI5E99B618A3EE,2023-01-13 03:17:24,User_1487,User_3314,327552.39,Bangalore,3,High Risk (Amount Outlier)
UPI03EA3356F305,2023-12-28 20:24:02,User_5931,User_5073,518.21,Hyderabad,20,Safe
UPI56A363A3CC95,2023-07-15 18:32:53,User_4266,User_1103,7673.89,Chennai,18,Safe
UPICC08BACC90F6,2023-05-09 18:06:22,User_6721,User_6920,6169.09,Kolkata,18,Safe
UPI15AD4F0BEFC2,2023-08-27 17:27:01,User_3044,User_7568,1655.39,Lucknow,17,Safe
UPI93FF8F96CA13,2023-01-18 10:19:34,User_8763,User_3601,2067.72,Lucknow,10,Safe
UPI235241BECB9E,2023-04-09 19:02:15,User_2312,User_4564,4218.65,Pune,19,Safe
UPI38934FF5EE2E,2023-09-09 14:23:44,User_6653,User_2896,7446.14,Pune,14,Safe
UPIC68045C217B0,2023-02-04 07:02:04,User_7694,User_6606,4285.49,Chennai,7,Safe
UPI917DB5833488,2023-09-29 23:21:09,User_1149,User_6837,2702.49,Chennai,23,Safe
UPI01859104F489,2023-12-30 13:45:44,User_4426,User_4184,3923.14,Jaipur,13,Safe
UPIFF9CDA271002,2023-09-18 06:30:27,User_6380,User_4919,7473.38,Bangalore,6,Safe
UPI059D4C1B7964,2023-06-04 14:56:23,User_1747,User_3022,4305.14,Ahmedabad,14,Safe
UPIE304ECCB17C5,2023-10-30 07:18:17,User_1110,User_7141,6173.59,Lucknow,7,Safe
UPID0C2BA232C11,2023-11-19 17:18:10,User_5922,User_5808,6780.67,Ahmedabad,17,Safe
UPI0B44DC83E8BB,2023-09-22 15:10:17,User_6281,User_4524,1333.73,Jaipur,15,Safe
UPI7279E201C87A,2023-04-23 21:41:07,User_1032,User_4437,7801.45,Ahmedabad,21,Safe
UPIBF32364F7343,2023-04-21 22:19:06,User_4299,User_7383,5443.21,Chennai,22,Safe
UPI04AB7F1935A7,2023-09-02 08:54:01,User_5052,User_2813,9696.79,Jaipur,8,Safe
UPIC97E9FD944A8,2023-09-09 08:18:23,User_5330,User_9311,4327.44,Mumbai,8,Safe
UPIF5E22B7A5B85,2023-05-14 16:36:47,User_6039,User_8571,9265.12,Pune,16,Safe
UPI162DFE3A5605,2023-09-19 10:08:00,User_2732,User_1031,2134.6,Kolkata,10,Safe
UPI9071F56F2E5A,2023-12-01 11:57:44,User_9064,User_8185,1734.92,Delhi,11,Safe
UPIE3CD34350BDE,2023-02-27 19:13:04,User_5126,User_8180,6294.45,Jaipur,19,Safe
UPI552AD4C635F7,2023-12-30 04:27:15,User_5996,User_2780,291914.83,Bangalore,4,High Risk (Amount Outlier)
UPI837F86897898,2023-01-03 11:32:05,User_6134,User_8855,3469.1,Jaipur,11,Safe
UPI2BD5BCC565C2,2023-01-28 16:34:09,User_7965,User_5807,3039.68,Pune,16,Safe
UPI0CC90E7D9FE7,2023-03-25 17:13:31,User_6399,User_3062,6203.01,Jaipur,17,Safe
UPI3E99253C94C5,2023-11-25 16:16:11,User_2687,User_7609,5203.11,Lucknow,16,Safe
UPIBF3EA9FA9A7F,2023-05-10 21:31:23,User_4669,User_8655,2412.68,Delhi,21,Safe
UPI19D58C0511EC,2023-06-22 20:23:31,User_8260,User_5315,6427.22,Bangalore,20,Safe
UPICC8CEA66B8D8,2023-11-15 14:40:59,User_3463,User_8042,6786.37,Chennai,14,Safe
UPIA2460E07AEFE,2023-04-12 08:34:26,User_1189,User_5875,2847.48,Kolkata,8,Safe
UPIBB08E4A13D0C,2023-02-15 12:50:28,User_6922,User_4136,1133.7,Delhi,12,Safe
UPIA85DB62E86DD,2023-03-01 12:11:27,User_8929,User_9621,2491.49,Ahmedabad,12,Safe
UPI55D9FA5194CA,2023-04-17 14:48:32,User_7263,User_3285,4549.31,Jaipur,14,Safe
UPIC8EA79EC2981,2023-08-04 22:58:27,User_7753,User_1402,6993.26,Ahmedabad,22,Safe
UPI681B36C020A3,2023-02-17 22:10:38,User_9640,User_3735,3294.05,Mumbai,22,Safe
UPI2754DCE4722C,2023-01-21 12:42:19,User_4359,User_8411,215.05,Ahmedabad,12,Safe
UPIF0010ACB94A4,2023-02-13 23:45:16,User_1148,User_8090,551.19,Chennai,23,Safe
UPI48837126DBE4,2023-10-03 18:57:00,User_7760,User_3679,5675.49,Ahmedabad,18,Safe
UPI28C3002EF1EC,2023-01-22 09:09:24,User_9263,User_8292,499.21,Jaipur,9,Safe
UPIACC2895C46D9,2023-04-13 23:18:07,User_4835,User_8411,8569.17,Jaipur,23,Safe
UPI8FF6483D91F2,2023-07-03 19:15:14,User_3972,User_8610,733.41,Jaipur,19,Safe
UPI9B6FC3D295DC,2023-10-19 06:52:22,User_9164,User_9552,1511.83,Jaipur,6,Safe
UPIA7588F995B11,2023-01-01 08:33:14,User_3390,User_2971,9460.94,Bangalore,8,Safe
UPI92D9F0F76256,2023-03-28 22:38:12,User_4796,User_1752,375.01,Chennai,22,Safe
UPI6C94BFD76EF5,2023-12-30 11:17:46,User_8123,User_6131,2256.0,Jaipur,11,Safe
UPIA980FC40DD82,2023-09-23 16:02:13,User_9423,User_8029,8804.63,Ahmedabad,16,Safe
UPI1E7421E466AB,2023-07-29 22:34:21,User_8016,User_1555,962.48,Jaipur,22,Safe
UPIE09697C66E09,2023-08-15 10:57:54,User_9136,User_8323,6969.26,Hyderabad,10,Safe
UPIDC44C0127B61,2023-05-22 12:29:45,User_7622,User_5163,8567.09,Kolkata,12,Safe
UPIE27BFA3393F2,2023-09-24 12:40:17,User_6957,User_7597,9067.49,Ahmedabad,12,Safe
UPI3E40B45E572E,2023-07-02 13:20:55,User_5745,User_4831,6960.19,Ahmedabad,13,Safe
UPI89657A328CF8,2023-10-03 13:40:55,User_9544,User_6592,6234.34,Lucknow,13,Safe
UPIA3E05A6F95E4,2023-01-06 12:21:53,User_9869,User_9002,25.48,Chennai,12,Safe
UPI21FA9ABF61E9,2023-10-17 12:58:08,User_5123,User_9486,3577.0,Lucknow,12,Safe
UPIFC9F778DCDF3,2023-06-14 08:00:03,User_5222,User_3452,6682.77,Ahmedabad,8,Safe
UPIDA65863F3F2F,2023-07-07 11:15:23,User_2056,User_6534,4889.55,Bangalore,11,Safe
UPI5B9A57DB1287,2023-02-17 23:13:55,User_8330,User_5550,3524.71,Bangalore,23,Safe
UPIDB697DF86271,2023-03-27 09:54:53,User_1763,User_5755,6584.2,Chennai,9,Safe
UPI8706F65787B7,2023-01-05 15:46:39,User_6105,User_4688,3070.62,Delhi,15,Safe
UPIC4986FEBB4B6,2023-09-07 07:28:33,User_1871,User_3819,5050.11,Pune,7,Safe
UPI0B5BE5BB0C05,2023-11-30 22:32:03,User_3924,User_4938,1717.65,Mumbai,22,Safe
UPIF4B7D9327FD1,2023-11-07 07:17:14,User_5543,User_4899,1715.46,Ahmedabad,7,Safe
UPI30851721F0C9,2023-10-14 09:38:27,User_8777,User_7917,6743.4,Bangalore,9,Safe
UPI448768F45077,2023-09-12 03:25:15,User_8005,User_2868,89786.96,Bangalore,3,High Risk (Amount Outlier)
UPID9267AD53BA1,2023-08-09 11:11:22,User_9104,User_5419,7460.17,Bangalore,11,Safe
UPI431E44375202,2023-06-12 08:00:42,User_7766,User_6240,5460.89,Mumbai,8,Safe
UPI965982F29BA6,2023-07-07 06:17:29,User_4658,User_8241,244.9,Delhi,6,Safe
UPI1976A6579866,2023-07-10 06:09:41,User_3651,User_1567,9569.45,Hyderabad,6,Safe
UPI3EFDAC6EE2D4,2023-11-15 21:22:21,User_5746,User_9075,3782.04,Pune,21,Safe
UPI03F9BAF9D8D6,2023-08-06 04:44:52,User_2986,User_1807,388092.79,Jaipur,4,High Risk (Amount Outlier)
UPI93709F8CD695,2023-03-21 14:30:07,User_1547,User_7525,8446.54,Jaipur,14,Safe
UPI018053C05B4F,2023-08-17 09:56:59,User_9669,User_2864,67.65,Delhi,9,Safe
UPI79BBEFBC04F9,2023-06-24 16:45:38,User_5930,User_2842,1717.24,Lucknow,16,Safe
UPI3B79C93176A3,2023-04-10 21:37:22,User_3984,User_7140,9032.25,Kolkata,21,Safe
UPI16B3D37286F9,2023-05-30 06:01:38,User_4639,User_7722,2088.45,Kolkata,6,Safe
UPIDA94F60937B4,2023-01-18 09:06:49,User_9860,User_7256,2403.52,Ahmedabad,9,Safe
UPI3BF339A00506,2023-07-13 18:12:09,User_9734,User_6336,7549.41,Mumbai,18,Safe
UPI940587BA869E,2023-02-03 23:53:32,User_6465,User_3491,3008.48,Lucknow,23,Safe
UPIA37AA45EAA1B,2023-04-10 09:15:06,User_1478,User_9115,9384.76,Ahmedabad,9,Safe
UPIDDC2B9E645B6,2023-01-16 10:39:02,User_5266,User_9864,6051.87,Hyderabad,10,Safe
UPICE772366006D,2023-05-01 22:25:15,User_2537,User_6842,5443.1,Bangalore,22,Safe
UPIE71BA09B0E52,2023-01-29 19:23:00,User_9461,User_5242,9528.62,Chennai,19,Safe
UPICE006B69236A,2023-10-06 06:20:08,User_9580,User_6992,9147.29,Bangalore,6,Safe
UPIDA2E19D88EEF,2023-04-17 04:08:58,User_3491,User_4183,392981.12,Kolkata,4,High Risk (Amount Outlier)
UPI945759E88087,2023-07-31 21:02:51,User_4259,User_9641,2710.02,Mumbai,21,Safe
UPI29D69BC16DA0,2023-04-05 12:17:11,User_3375,User_3421,210.22,Ahmedabad,12,Safe
UPICC3AE0DF4D5C,2023-01-15 06:44:51,User_6626,User_7788,6372.1,Hyderabad,6,Safe
UPI7FC5C7B139F3,2023-09-24 19:05:07,User_5185,User_6333,8616.01,Jaipur,19,Safe
UPI17D1BBCB3A2D,2023-12-22 08:49:05,User_5193,User_9906,2171.01,Kolkata,8,Safe
UPI03B9650C2F8E,2023-10-16 11:15:58,User_1440,User_9916,3895.4,Kolkata,11,Safe
UPI2DA42F0EF09C,2023-06-28 09:10:32,User_4190,User_8108,4741.73,Chennai,9,Safe
UPI6B2097319214,2023-01-16 08:33:23,User_8160,User_4148,2754.29,Chennai,8,Safe
UPI5BA531CD2B34,2023-09-01 22:20:15,User_7294,User_6852,986.76,Pune,22,Safe
UPI500692745462,2023-06-18 17:21:33,User_2366,User_9865,59.94,Pune,17,Safe
UPIA46076C04091,2023-12-25 18:18:37,User_3282,User_5761,8729.06,Hyderabad,18,Safe
UPI5CCCEBEEF195,2023-11-22 17:34:15,User_7378,User_2820,4919.58,Hyderabad,17,Safe
UPIA65A5F46F1E8,2023-05-08 06:19:57,User_6823,User_5227,7482.07,Pune,6,Safe
UPIA107F74BA61E,2023-07-11 07:26:37,User_1458,User_5804,7402.03,Pune,7,Safe
UPI34ED2018813B,2023-09-22 10:15:11,User_8189,User_6158,6759.46,Pune,10,Safe
UPI9C35E1A76017,2023-11-23 23:47:52,User_9072,User_3435,6419.19,Delhi,23,Safe
UPI68B5C2227797,2023-09-09 22:33:36,User_6110,User_1937,3147.26,Hyderabad,22,Safe
UPI59D25E08060E,2023-06-30 14:54:54,User_9382,User_7574,9146.23,Delhi,14,Safe
UPIB6BA9447FA22,2023-08-29 07:33:52,User_4919,User_9024,2246.31,Chennai,7,Safe
UPIFEE982266096,2023-07-29 06:11:47,User_3294,User_9578,9685.46,Bangalore,6,Safe
UPI7B5139D65074,2023-08-06 17:31:29,User_4627,User_9028,9305.75,Lucknow,17,Safe
UPI1767B8CCFF5A,2023-07-19 11:54:10,User_7114,User_1363,9161.94,Hyderabad,11,Safe
UPI4FAD692FE664,2023-02-20 23:25:03,User_8952,User_1934,5062.92,Lucknow,23,Safe
UPI494384FDB0BB,2023-10-06 13:01:10,User_8925,User_4056,2882.61,Lucknow,13,Safe
UPIB91682B39EA4,2023-10-03 13:14:51,User_5991,User_6262,5928.48,Lucknow,13,Safe
UPI7B1E504B2E5C,2023-01-26 16:51:20,User_1340,User_8583,8427.7,Bangalore,16,Safe
UPID88A4F68BAF9,2023-10-05 06:40:54,User_4313,User_8064,9533.2,Mumbai,6,Safe
UPI036C73F7C3A2,2023-05-07 08:38:45,User_3237,User_7036,7269.98,Hyderabad,8,Safe
UPI6C876843FF21,2023-12-27 04:37:45,User_3310,User_9080,74625.37,Lucknow,4,High Risk (Amount Outlier)
UPIC404BC832E80,2023-10-30 14:51:30,User_7103,User_6808,1701.66,Kolkata,14,Safe
UPI13D0A8AF117B,2023-03-02 16:56:31,User_2641,User_1432,7940.96,Hyderabad,16,Safe
UPI628F60AA880E,2023-10-11 06:11:06,User_4893,User_2628,7503.44,Kolkata,6,Safe
UPI2E95B1B4FAC0,2023-02-01 20:57:27,User_7894,User_4158,3120.05,Delhi,20,Safe
UPI7E3A2CB89F53,2023-07-03 23:43:40,User_1373,User_6648,4708.91,Kolkata,23,Safe
UPI5CFB6945E8F9,2023-06-09 21:59:00,User_5417,User_4628,6621.38,Bangalore,21,Safe
UPI7F92E8594A00,2023-02-04 21:25:45,User_5716,User_4964,4921.1,Chennai,21,Safe
UPI8422E1B9194F,2023-03-30 04:18:53,User_7382,User_7756,484707.77,Jaipur,4,High Risk (Amount Outlier)
UPIF7405733A8AE,2023-02-04 18:59:07,User_6805,User_4734,6837.94,Pune,18,Safe
UPI3B10147E1FCC,2023-08-30 07:44:40,User_7719,User_9808,8942.89,Pune,7,Safe
UPID788C8057816,2023-02-15 12:25:58,User_4868,User_7678,751.77,Pune,12,Safe
UPI6E65BB40976C,2023-06-04 13:23:07,User_4745,User_3504,8386.96,Mumbai,13,Safe
UPIA6CEB7AF90BD,2023-03-30 17:26:05,User_1298,User_9012,8929.82,Pune,17,Safe
UPID7100037777C,2023-10-24 21:19:04,User_4402,User_2383,6533.29,Ahmedabad,21,Safe
UPI43F790EAB0B2,2023-01-01 16:04:08,User_8847,User_5835,6708.36,Bangalore,16,Safe
UPIDDED999D00EA,2023-08-22 07:26:42,User_3619,User_7983,9737.18,Hyderabad,7,Safe
UPI4F537A1B57FE,2023-02-11 23:01:35,User_7220,User_2799,5754.74,Mumbai,23,Safe
UPI62BF3A529D6E,2023-10-31 17:34:13,User_1399,User_6186,9089.75,Lucknow,17,Safe
UPI32FA20AF91B1,2023-02-20 15:42:27,User_1777,User_1121,9203.63,Mumbai,15,Safe
UPI9197D38F6DC1,2023-03-24 12:08:45,User_2608,User_2824,5977.95,Hyderabad,12,Safe
UPIB196FCFFB410,2023-07-29 18:12:15,User_8202,User_8538,2357.16,Ahmedabad,18,Safe
UPI36EC6F7762FE,2023-03-04 06:55:30,User_6486,User_7456,5214.03,Mumbai,6,Safe
UPIDE53388B8200,2023-09-21 21:59:20,User_6201,User_2183,4999.41,Hyderabad,21,Safe
UPIA8397ED436BB,2023-11-20 06:49:05,User_9953,User_7023,8869.67,Delhi,6,Safe
UPIDEC9391B7EC9,2023-12-13 13:14:44,User_4718,User_1463,5531.26,Bangalore,13,Safe
UPI85F7C390C8C4,2023-04-13 19:18:50,User_6941,User_8311,5516.86,Kolkata,19,Safe
UPI03964F84281F,2023-01-21 17:57:36,User_8363,User_9142,4184.6,Mumbai,17,Safe
UPI5EA764AA3324,2023-10-11 21:46:47,User_7530,User_4061,3664.02,Kolkata,21,Safe
UPIE0B82204F13A,2023-11-18 18:28:39,User_9619,User_1817,5724.31,Ahmedabad,18,Safe
UPIDD5FD4C1B9D0,2023-09-08 12:17:44,User_4348,User_7806,7455.24,Bangalore,12,Safe
UPIA3C266FBF462,2023-12-13 19:35:54,User_1499,User_2624,3044.77,Chennai,19,Safe
UPIC80D056A5EF5,2023-03-16 07:04:48,User_7509,User_7844,5589.17,Chennai,7,Safe
UPI36DE984CBB1B,2023-06-19 06:21:06,User_7304,User_2254,6819.63,Mumbai,6,Safe
UPI4D6D8B478904,2023-05-28 02:11:10,User_9400,User_7918,92290.82,Hyderabad,2,High Risk (Amount Outlier)
UPIF0B06F2B2F71,2023-08-24 23:29:06,User_6753,User_1251,112.25,Hyderabad,23,Safe
UPIA24C994CB743,2023-08-29 21:26:20,User_9036,User_2242,3280.2,Lucknow,21,Safe
UPIB5D250190E7D,2023-11-17 14:50:23,User_7329,User_3345,3318.98,Lucknow,14,Safe
UPI10C2A5766E07,2023-05-29 11:09:07,User_9311,User_3097,6103.1,Bangalore,11,Safe
UPI38C9C0380F2C,2023-10-14 10:27:21,User_8646,User_2303,4327.13,Chennai,10,Safe
UPIDF87ECB61A55,2023-07-24 08:08:35,User_5821,User_6927,3497.87,Jaipur,8,Safe
UPI94F5154844E4,2023-08-22 11:40:31,User_2995,User_2086,4901.14,Ahmedabad,11,Safe
UPID85B06D08F0C,2023-01-01 04:15:22,User_8751,User_1550,351960.79,Bangalore,4,High Risk (Amount Outlier)
UPI810EE666C982,2023-02-20 14:09:36,User_5035,User_3935,9623.24,Pune,14,Safe
UPIFEF87341F7E1,2023-08-04 17:38:12,User_6148,User_2006,2930.31,Ahmedabad,17,Safe
UPIC3B976EA4F08,2023-11-28 09:23:04,User_9858,User_2555,8578.23,Pune,9,Safe
UPI8475FFE88319,2023-01-09 17:30:41,User_7255,User_1256,7020.91,Jaipur,17,Safe
UPI21A668FC8836,2023-12-28 11:06:22,User_6464,User_1573,417.58,Lucknow,11,Safe
UPI1A63876EAFA5,2023-02-07 12:37:58,User_7553,User_7750,5712.44,Mumbai,12,Safe
UPIC072CC879E67,2023-04-29 09:50:48,User_7458,User_1157,4467.5,Jaipur,9,Safe
UPIF44761A4B138,2023-03-25 06:23:44,User_4771,User_2946,5196.6,Chennai,6,Safe
UPI6CCB16033888,2023-09-25 18:58:14,User_4584,User_8682,2518.06,Pune,18,Safe
UPI1E62EA59B6AB,2023-07-18 17:37:51,User_8972,User_2071,9710.05,Ahmedabad,17,Safe
UPI825FB99EC282,2023-12-23 22:36:54,User_6854,User_3510,4759.31,Chennai,22,Safe
UPIB5F845B7C70E,2023-08-16 08:49:26,User_2636,User_1457,5132.62,Lucknow,8,Safe
UPIE484F37ABE04,2023-08-21 07:45:52,User_5528,User_8193,1975.14,Chennai,7,Safe
UPI7A944ED2BC23,2023-12-13 21:23:29,User_7588,User_5688,2582.71,Pune,21,Safe
UPI84A7B94BAEAF,2023-02-03 19:33:46,User_9612,User_8043,2599.64,Delhi,19,Safe
UPI8BC9C8A4800E,2023-09-05 19:12:36,User_9546,User_1393,4999.25,Mumbai,19,Safe
UPI147A5CA89BDF,2023-04-07 21:10:55,User_8925,User_4705,6543.1,Ahmedabad,21,Safe
UPI82BFDBBA16BC,2023-04-19 19:21:13,User_5718,User_4891,3923.06,Delhi,19,Safe
UPIFB508AB8776C,2023-04-28 12:29:14,User_8589,User_2856,845.57,Delhi,12,Safe
UPI8DBD67F24A62,2023-03-19 18:13:31,User_6879,User_8984,3676.74,Mumbai,18,Safe
UPI6591EEA335D4,2023-09-26 16:27:18,User_5159,User_2404,8025.36,Hyderabad,16,Safe
UPI9A5EAFE43CCF,2023-01-19 15:29:39,User_5048,User_5439,3881.87,Mumbai,15,Safe
UPIB7B073524C20,2023-12-28 13:16:17,User_5564,User_6452,3223.3,Pune,13,Safe
UPICD19FBB6DC27,2023-11-03 15:36:01,User_5360,User_7587,9339.56,Mumbai,15,Safe
UPI88A48572B91F,2023-10-11 23:17:43,User_3705,User_6158,1120.93,Mumbai,23,Safe
UPI3FF0A351CA30,2023-01-16 07:38:49,User_1512,User_1106,1569.35,Kolkata,7,Safe
UPI2B7D9DB2D660,2023-04-17 20:11:22,User_7697,User_8232,482.39,Bangalore,20,Safe
UPI6C27D5C8AA3D,2023-09-19 16:17:41,User_4721,User_8029,8467.31,Chennai,16,Safe
UPIA50D018D8891,2023-10-15 08:19:29,User_3411,User_2770,3838.81,Delhi,8,Safe
UPIA64EF35724FB,2023-07-24 20:32:46,User_5473,User_2083,1112.33,Kolkata,20,Safe
UPIC04DAD509457,2023-08-13 16:11:22,User_3158,User_8142,1111.73,Jaipur,16,Safe
UPIDBC97EA666FF,2023-01-24 11:58:12,User_9891,User_8758,8746.1,Lucknow,11,Safe
UPI87DCB7A3CC46,2023-12-05 19:00:05,User_7539,User_7007,3628.89,Bangalore,19,Safe
UPIAA83D68E5995,2023-03-01 15:12:40,User_6398,User_2587,2524.07,Lucknow,15,Safe
UPIC5B08003B73E,2023-07-27 20:23:04,User_5717,User_4920,5030.9,Chennai,20,Safe
UPI24D3753317BF,2023-10-12 18:35:46,User_9426,User_3544,4732.43,Ahmedabad,18,Safe
UPIE180721B4E89,2023-09-09 01:20:55,User_7978,User_1452,74447.59,Bangalore,1,High Risk (Amount Outlier)
UPICAB75F425307,2023-11-13 08:32:31,User_8639,User_6420,7737.83,Mumbai,8,Safe
UPI9D2F2E67A5EC,2023-12-01 19:31:56,User_6143,User_4183,7855.19,Ahmedabad,19,Safe
UPI5EE1323AAF1F,2023-08-26 07:41:44,User_8139,User_6407,4323.91,Delhi,7,Safe
UPIA9C36D95B403,2023-01-31 15:04:33,User_5537,User_5515,9275.89,Bangalore,15,Safe
UPI0A30299AD5F8,2023-11-20 07:15:33,User_1406,User_6527,7760.55,Chennai,7,Safe
UPI6AE89FDA3466,2023-07-07 15:58:50,User_1381,User_2984,1517.03,Kolkata,15,Safe
UPI2BB7B8A410D1,2023-02-15 22:00:10,User_6171,User_4352,4778.17,Pune,22,Safe
UPI0F275EA50B67,2023-05-20 13:09:38,User_3768,User_2730,7226.75,Kolkata,13,Safe
UPI63AE4B399E8B,2023-12-10 19:00:16,User_1957,User_8738,8429.82,Kolkata,19,Safe
UPIA5E0DBCC9D48,2023-03-19 11:42:25,User_3701,User_6418,948.88,Bangalore,11,Safe
UPI0725F4D2F46B,2023-09-03 16:19:09,User_9467,User_5579,3964.27,Pune,16,Safe
UPI1B49BB6C4551,2023-06-21 02:36:22,User_6739,User_2299,475024.29,Delhi,2,High Risk (Amount Outlier)
UPI92F6A6C00739,2023-06-30 22:39:04,User_2190,User_7681,6543.29,Ahmedabad,22,Safe
UPI8478DA9B79DB,2023-07-17 16:52:33,User_4759,User_3776,8283.15,Lucknow,16,Safe
UPI9A1D2DE4B95F,2023-08-12 15:15:24,User_3220,User_1813,6635.57,Delhi,15,Safe
UPI86C39911904B,2023-11-20 12:09:23,User_2064,User_9427,3743.25,Pune,12,Safe
UPI175DB8287CB9,2023-12-17 11:46:01,User_7557,User_2419,3184.6,Pune,11,Safe
UPI33D2BA7F86BB,2023-10-26 07:26:40,User_8309,User_7991,63.41,Hyderabad,7,Safe
UPIBC69C3EF86F4,2023-05-24 13:05:57,User_6203,User_7571,1784.3,Bangalore,13,Safe
UPI80F034E0DD68,2023-07-23 14:28:22,User_6824,User_1751,1325.89,Jaipur,14,Safe
UPI5373E5F6CCC0,2023-11-30 06:51:00,User_8695,User_4674,873.53,Chennai,6,Safe
UPIB3394390EC3A,2023-05-12 19:13:19,User_7679,User_2267,3889.83,Pune,19,Safe
UPI1200C2DD0161,2023-10-06 07:13:37,User_2353,User_8557,2502.68,Pune,7,Safe
UPIED82CB46F650,2023-05-04 07:53:26,User_1239,User_4380,3368.17,Delhi,7,Safe
UPI34EF159F649A,2023-07-28 10:44:07,User_9604,User_6698,2363.67,Bangalore,10,Safe
UPI20F85EE5D49C,2023-10-05 10:57:35,User_6645,User_3592,5380.68,Mumbai,10,Safe
UPI000E186E9722,2023-07-28 09:23:21,User_3715,User_5278,7026.17,Bangalore,9,Safe
UPIDD3E0E61EC68,2023-07-05 16:51:13,User_3686,User_7984,6023.11,Lucknow,16,Safe
UPI0957243374F5,2023-01-20 14:06:44,User_1556,User_8787,2464.78,Jaipur,14,Safe
UPI265B86F418BF,2023-03-01 08:01:13,User_8813,User_3769,3232.99,Mumbai,8,Safe
UPID0881DEE5AB1,2023-12-13 22:05:45,User_9668,User_6561,1791.08,Chennai,22,Safe
UPIA5C18B7F1324,2023-10-03 23:50:52,User_7078,User_6390,7904.87,Hyderabad,23,Safe
UPI330B1489EFAC,2023-10-22 11:18:22,User_6700,User_5208,3634.98,Delhi,11,Safe
UPI191D9A12D75A,2023-04-15 09:19:32,User_2554,User_2164,8396.45,Pune,9,Safe
UPI38F36035F21F,2023-09-16 01:14:21,User_2816,User_1367,258221.97,Pune,1,High Risk (Amount Outlier)
UPI1E7CD5EE025B,2023-08-06 06:57:27,User_6270,User_2755,5604.17,Mumbai,6,Safe
UPIFFBFA359166E,2023-09-16 20:34:21,User_9341,User_7877,189.54,Jaipur,20,Safe
UPI704B30EC5680,2023-05-24 16:04:01,User_4269,User_9934,8869.22,Hyderabad,16,Safe
UPI16D25B498B7C,2023-07-16 22:46:45,User_7662,User_6304,5827.27,Lucknow,22,Safe
UPI6C714A021EC5,2023-09-18 15:36:18,User_8615,User_9371,7428.62,Chennai,15,Safe
UPI41218FA2BF2B,2023-09-01 19:15:18,User_1005,User_9308,3992.09,Kolkata,19,Safe
UPI880D84804EA4,2023-02-24 16:19:59,User_5839,User_1466,5290.6,Delhi,16,Safe
UPI97C3AAB0CF2E,2023-01-25 07:28:17,User_6677,User_7003,5333.46,Chennai,7,Safe
UPIF7A738815BBB,2023-11-19 19:12:49,User_3645,User_2305,1361.23,Chennai,19,Safe
UPI41DD71D68E73,2023-05-13 19:49:35,User_9744,User_2303,411.32,Jaipur,19,Safe
UPI70ED2CED7DDD,2023-08-19 23:28:10,User_3976,User_4010,8647.04,Mumbai,23,Safe
UPI5847D9619C64,2023-07-19 08:16:38,User_1082,User_2886,9849.09,Mumbai,8,Safe
UPIB9242EF5C2DD,2023-06-24 11:44:02,User_8911,User_4875,539.17,Hyderabad,11,Safe
UPI73778457E99A,2023-02-04 12:55:24,User_6422,User_1827,4400.74,Jaipur,12,Safe
UPI01A78187B8CB,2023-05-05 13:55:38,User_4302,User_6396,8999.29,Hyderabad,13,Safe
UPIAB29AFC192EE,2023-12-04 20:53:41,User_9499,User_1972,3223.04,Pune,20,Safe
UPI8E5D0DDB6D5F,2023-03-20 04:45:22,User_9445,User_5854,369587.08,Mumbai,4,High Risk (Amount Outlier)
UPI5C61199122D0,2023-05-20 15:41:41,User_2912,User_8930,5602.68,Jaipur,15,Safe
UPI0CF055EE2C8C,2023-04-03 22:07:02,User_5528,User_8550,3439.94,Kolkata,22,Safe
UPIE9FD665EDA72,2023-03-19 11:28:30,User_4907,User_7094,6280.97,Kolkata,11,Safe
UPI44261E425AF1,2023-09-23 10:33:21,User_9083,User_1855,3175.59,Chennai,10,Safe
UPIE8C89BC58B56,2023-08-03 23:35:57,User_1189,User_3767,6321.76,Hyderabad,23,Safe
UPIA321E02F1D2C,2023-03-10 14:05:20,User_2370,User_9359,3838.06,Ahmedabad,14,Safe
UPI877AC7454854,2023-01-12 16:11:48,User_8395,User_5244,7438.98,Bangalore,16,Safe
UPI8677F4B0DE14,2023-06-12 23:41:11,User_3329,User_6573,4684.19,Mumbai,23,Safe
UPICF28C0CF4BCD,2023-03-17 10:45:17,User_4284,User_4404,7341.24,Bangalore,10,Safe
UPIA15EFC15CCC3,2023-11-15 06:37:57,User_2769,User_1273,3309.62,Mumbai,6,Safe
UPI4E1826AD8B46,2023-07-11 13:00:17,User_9828,User_9366,7505.48,Chennai,13,Safe
UPI78ED81006384,2023-01-16 12:50:16,User_8884,User_9262,6582.54,Chennai,12,Safe
UPI3AF382602344,2023-01-23 14:12:44,User_4712,User_5577,4918.21,Pune,14,Safe
UPIA00F3E971FBA,2023-01-31 22:29:40,User_2694,User_3445,9642.31,Jaipur,22,Safe
UPI09ADEC063CE0,2023-06-22 09:58:08,User_1505,User_9984,4048.7,Lucknow,9,Safe
UPI89762FE4AE7E,2023-04-07 09:55:38,User_4976,User_8439,5967.52,Jaipur,9,Safe
UPI271815D10771,2023-03-29 12:08:42,User_4045,User_5903,6970.15,Kolkata,12,Safe
UPIF33EDF2A5603,2023-03-21 15:06:51,User_1135,User_1959,9667.05,Chennai,15,Safe
UPIE04D5BF6B628,2023-12-02 21:23:28,User_6907,User_9905,1912.06,Jaipur,21,Safe
UPI36E582ED2099,2023-03-22 22:23:50,User_2437,User_7623,3356.92,Kolkata,22,Safe
UPIEE32860BB4FE,2023-12-24 16:55:00,User_8322,User_2799,1368.84,Pune,16,Safe
UPI075680F4562D,2023-10-23 19:10:24,User_1168,User_2293,6474.57,Delhi,19,Safe
UPIEE3968CC2A99,2023-07-27 02:35:35,User_4839,User_7537,233004.95,Jaipur,2,High Risk (Amount Outlier)
UPIFF297680ED6F,2023-10-22 14:37:56,User_5592,User_6574,8096.12,Jaipur,14,Safe
UPI8491DC396E69,2023-09-27 09:00:38,User_4860,User_9342,5739.63,Bangalore,9,Safe
UPI8F21028388AE,2023-03-26 23:54:15,User_6733,User_9367,415.34,Chennai,23,Safe
UPICB71BA06559C,2023-11-27 13:09:50,User_8661,User_2879,4753.79,Pune,13,Safe
UPI3E6C85CDCA2D,2023-09-10 23:20:54,User_1937,User_9332,2072.47,Mumbai,23,Safe
UPI92C6AEBC01D1,2023-09-27 15:13:16,User_4984,User_7141,6201.84,Chennai,15,Safe
UPID8F809CE524C,2023-03-09 15:39:51,User_1068,User_3903,6573.48,Jaipur,15,Safe
UPI528891FC5766,2023-10-23 11:32:20,User_3519,User_2726,8642.33,Pune,11,Safe
UPIC282A5670B36,2023-12-04 10:29:14,User_1059,User_4133,3826.76,Pune,10,Safe
UPI115652863756,2023-07-08 07:30:20,User_4496,User_9485,5938.75,Delhi,7,Safe
UPI498DCBC1644B,2023-06-28 07:19:24,User_5950,User_4593,538.05,Delhi,7,Safe
UPI6AA3803154F7,2023-10-22 15:10:13,User_5419,User_3551,6056.51,Pune,15,Safe
UPI3B183E041466,2023-01-15 21:49:09,User_3112,User_6036,5125.17,Bangalore,21,Safe
UPIF126A5093CF3,2023-08-03 23:27:58,User_9917,User_8515,7121.14,Chennai,23,Safe
UPI8EAD690577AD,2023-05-13 03:54:25,User_9782,User_1734,448653.31,Ahmedabad,3,High Risk (Amount Outlier)
UPI0A681B690663,2023-04-25 14:39:58,User_9301,User_1749,8662.94,Jaipur,14,Safe
UPI77C0FA4FDA40,2023-08-16 09:55:02,User_9526,User_1169,4284.34,Jaipur,9,Safe
UPI5ED6B1638A34,2023-10-28 22:38:17,User_7243,User_4230,7191.69,Jaipur,22,Safe
UPICD6F4B33D64D,2023-06-05 09:41:02,User_5513,User_7662,5175.59,Mumbai,9,Safe
UPI4B82C0154FBA,2023-06-29 07:45:57,User_8198,User_2333,5359.3,Pune,7,Safe
UPI021C605A9482,2023-06-09 08:59:58,User_3902,User_4217,2928.26,Jaipur,8,Safe
UPIB57DB1415D8F,2023-05-24 20:30:15,User_6640,User_2739,9115.35,Mumbai,20,Safe
UPI3E4EB0E2151E,2023-08-11 12:40:49,User_7757,User_1950,2578.3,Lucknow,12,Safe
UPI9BB9EF416F56,2023-03-30 23:31:30,User_9705,User_7330,6368.23,Ahmedabad,23,Safe
UPID61952CD21BC,2023-02-05 07:05:25,User_6681,User_2509,128.8,Delhi,7,Safe
UPI988BBEB7B7A2,2023-08-23 16:09:46,User_9661,User_5162,7720.84,Kolkata,16,Safe
UPI2C245256C1D3,2023-11-13 17:41:07,User_6916,User_7246,1771.39,Chennai,17,Safe
UPI71B29F156BAD,2023-09-09 15:37:33,User_6676,User_8839,6291.05,Lucknow,15,Safe
UPIA32EA0F7C7ED,2023-05-11 19:03:59,User_8507,User_2572,6718.73,Hyderabad,19,Safe
UPIA82DCEF93A4C,2023-12-24 20:14:09,User_6217,User_9500,2700.08,Hyderabad,20,Safe
UPI84AD4DB25F9C,2023-03-31 16:13:51,User_2685,User_1485,9455.67,Kolkata,16,Safe
UPI09B7D267923E,2023-11-13 09:25:11,User_6661,User_3087,8950.38,Lucknow,9,Safe
UPI1B29AD069800,2023-06-23 21:42:46,User_3439,User_1174,67.77,Pune,21,Safe
UPI4401E137D90C,2023-08-28 09:17:07,User_3536,User_7234,1087.21,Delhi,9,Safe
UPI4E3688776B4E,2023-12-11 18:30:24,User_7702,User_8584,7460.06,Chennai,18,Safe
UPI6B608402446D,2023-10-19 17:13:24,User_8831,User_4690,7253.27,Hyderabad,17,Safe
UPID225C4F7F29A,2023-12-22 21:20:13,User_3564,User_6952,6300.43,Lucknow,21,Safe
UPI8DB3971B1DAD,2023-11-22 18:38:07,User_4531,User_3583,1461.33,Bangalore,18,Safe
UPI37A9268592B8,2023-05-15 18:18:41,User_9902,User_7826,628.65,Jaipur,18,Safe
UPIA974A79A6417,2023-08-18 13:59:08,User_3085,User_7332,5196.82,Lucknow,13,Safe
UPIA8A3010B9D18,2023-08-10 08:46:23,User_1029,User_1889,4233.36,Bangalore,8,Safe
UPI00C97709A1EF,2023-01-16 21:56:48,User_9211,User_3293,1573.1,Chennai,21,Safe
UPI24EF3FA16D92,2023-12-29 11:33:07,User_6902,User_4463,5495.64,Mumbai,11,Safe
UPI6629276635A6,2023-02-01 23:24:16,User_7117,User_2182,8391.61,Pune,23,Safe
UPI2117167CDCB6,2023-06-10 22:29:04,User_6082,User_9993,2144.9,Mumbai,22,Safe
UPI7D80873CA7CF,2023-03-10 19:02:34,User_4611,User_2064,2381.48,Mumbai,19,Safe
UPI80767445AC37,2023-09-21 07:53:56,User_3078,User_1932,1343.17,Ahmedabad,7,Safe
UPIA8752FCAAFD4,2023-07-18 21:14:38,User_3509,User_3369,8801.04,Mumbai,21,Safe
UPI1164BA0C327D,2023-10-03 19:57:12,User_2371,User_5352,3385.56,Jaipur,19,Safe
UPI592D14755229,2023-12-16 07:23:09,User_2576,User_4846,606.92,Pune,7,Safe
UPI5138CC4282E6,2023-08-04 01:17:38,User_4479,User_4218,421600.81,Chennai,1,High Risk (Amount Outlier)
UPI75E5889B86A6,2023-04-08 18:33:36,User_3341,User_5478,5054.54,Hyderabad,18,Safe
UPI94AD7DCF0654,2023-07-16 11:34:57,User_6582,User_9889,3900.32,Kolkata,11,Safe
UPI0B6C6AE46D3C,2023-10-28 12:26:14,User_8832,User_6115,1890.71,Mumbai,12,Safe
UPID4E926EFD236,2023-07-01 07:24:24,User_1750,User_8776,5439.21,Jaipur,7,Safe
UPI30A51D42726F,2023-11-16 21:03:39,User_7931,User_6319,6916.02,Chennai,21,Safe
UPI45B65382B211,2023-06-24 22:59:43,User_4438,User_8807,6668.21,Chennai,22,Safe
UPIF7ED890B0B3F,2023-12-12 08:31:04,User_3360,User_2595,9901.89,Bangalore,8,Safe
UPI8ACB505B2FC5,2023-04-25 02:47:32,User_4845,User_1664,170269.06,Hyderabad,2,High Risk (Amount Outlier)
UPI81FC80DE7CB3,2023-12-11 12:49:31,User_5139,User_9342,5269.84,Hyderabad,12,Safe
UPI56A946C3E52A,2023-06-14 07:49:41,User_3176,User_6523,5173.13,Kolkata,7,Safe
UPI78E607F634A9,2023-01-05 12:19:12,User_5183,User_5739,8908.96,Ahmedabad,12,Safe
UPI4349C8A16702,2023-09-09 09:41:12,User_9998,User_1907,6618.84,Ahmedabad,9,Safe
UPIC60CE36F6D5F,2023-09-23 08:55:53,User_3167,User_2758,429.75,Lucknow,8,Safe
UPI77CE987C51F5,2023-03-05 07:36:16,User_3050,User_4598,3697.03,Chennai,7,Safe
UPIF98DB2ED977F,2023-06-20 14:19:36,User_5198,User_4351,4970.77,Jaipur,14,Safe
UPI3026FFCEC9D4,2023-01-11 10:50:06,User_6943,User_1284,5403.22,Delhi,10,Safe
UPI4C2804831BA5,2023-05-15 06:03:11,User_6885,User_5032,175.26,Bangalore,6,Safe
UPIBC23E1678044,2023-01-13 06:27:58,User_9728,User_4642,7298.72,Hyderabad,6,Safe
UPIF41FD5ECC1D4,2023-12-07 11:43:15,User_1155,User_9490,7959.08,Delhi,11,Safe
UPI17BC3B240990,2023-03-19 17:43:12,User_7686,User_9598,1040.7,Bangalore,17,Safe
UPIE5E6A16BC0A5,2023-11-17 16:14:35,User_1117,User_6351,1858.16,Chennai,16,Safe
UPI7FEC19F5D975,2023-10-15 18:32:23,User_1769,User_8274,1555.54,Lucknow,18,Safe
UPIB9F4FA19412B,2023-07-01 12:30:41,User_8037,User_6422,2661.5,Bangalore,12,Safe
UPI152B3B881F8B,2023-02-10 14:44:17,User_3654,User_9638,2881.85,Lucknow,14,Safe
UPI5A1596C22054,2023-05-10 09:55:07,User_1369,User_1553,5181.2,Delhi,9,Safe
UPI6889059F9CD3,2023-01-30 19:56:08,User_4618,User_1895,5061.06,Mumbai,19,Safe
UPI5960704E730B,2023-01-09 18:34:23,User_5487,User_6364,3075.46,Ahmedabad,18,Safe
UPI0F864DA2686C,2023-12-07 19:00:04,User_7532,User_8067,3453.97,Delhi,19,Safe
UPIC6FA6157C6A4,2023-08-27 15:19:09,User_5618,User_7065,5277.42,Pune,15,Safe
UPI7F59BA402E79,2023-11-30 06:37:12,User_8817,User_5500,2565.53,Ahmedabad,6,Safe
UPI1C393EFE1EBF,2023-03-16 06:36:16,User_5320,User_9576,5945.05,Ahmedabad,6,Safe
UPI6F38D7574C28,2023-04-18 02:04:36,User_8749,User_6697,243297.28,Chennai,2,High Risk (Amount Outlier)
UPI4A3F42CC3CAD,2023-07-07 07:40:42,User_6151,User_9273,2283.75,Delhi,7,Safe
UPI68ECBC6F7951,2023-07-04 22:27:55,User_1701,User_9002,7704.26,Bangalore,22,Safe
UPI4EBA31108A3F,2023-03-04 22:16:54,User_9310,User_8480,8873.51,Jaipur,22,Safe
UPI9E7875CA6C55,2023-02-13 06:35:17,User_8715,User_4872,9231.58,Lucknow,6,Safe
UPIA3FB33F81EE2,2023-01-08 11:12:32,User_4553,User_4841,3185.78,Pune,11,Safe
UPIF909B98B0B6D,2023-02-24 15:07:02,User_7307,User_2566,2736.83,Mumbai,15,Safe
UPIDAA009D59632,2023-11-19 20:27:02,User_1835,User_3622,9645.05,Pune,20,Safe
UPI431B21AFD027,2023-05-18 17:19:22,User_6804,User_1594,1576.21,Delhi,17,Safe
UPIE88F026CC229,2023-10-03 19:56:51,User_4139,User_7320,1678.91,Hyderabad,19,Safe
UPI17D15D44ABFC,2023-07-05 01:19:08,User_2646,User_3286,201230.44,Chennai,1,High Risk (Amount Outlier)
UPI3402B9D6A3A7,2023-02-03 18:03:58,User_6859,User_8527,6088.49,Lucknow,18,Safe
UPI1927960DA10A,2023-01-16 11:29:25,User_5005,User_1967,3547.73,Bangalore,11,Safe
UPIAEEA7C1C9E71,2023-06-29 22:22:33,User_9761,User_5460,4459.04,Kolkata,22,Safe
UPI72DAD07A3239,2023-05-04 10:27:44,User_8837,User_7483,5618.72,Pune,10,Safe
UPI925F3E16A076,2023-04-15 10:09:52,User_9252,User_7514,915.99,Hyderabad,10,Safe
UPI162493392677,2023-02-05 12:11:38,User_3617,User_6875,1362.82,Mumbai,12,Safe
UPIAAA8C7F5FB3C,2023-12-27 06:23:58,User_1623,User_8080,7598.91,Pune,6,Safe
UPIC809E35629BA,2023-03-16 15:38:20,User_2918,User_4707,1558.05,Pune,15,Safe
UPI8CD1AD3D03C2,2023-04-17 15:22:54,User_7777,User_2967,6307.51,Mumbai,15,Safe
UPI9911D0BCDFDA,2023-09-24 19:46:36,User_6446,User_7426,8761.3,Mumbai,19,Safe
UPIBA004DEB4E51,2023-03-12 09:01:07,User_9022,User_6895,7367.11,Lucknow,9,Safe
UPI99C371ACFE2E,2023-12-18 19:49:55,User_3397,User_3727,7170.48,Ahmedabad,19,Safe
UPI553F3F2F86F5,2023-06-19 19:52:39,User_9611,User_1585,7832.39,Bangalore,19,Safe
UPI4710DE81ED4A,2023-02-26 08:21:48,User_3747,User_5706,5991.94,Mumbai,8,Safe
UPIAA83058C615A,2023-03-31 08:13:31,User_4625,User_1555,1205.71,Hyderabad,8,Safe
UPIDB9D5C692FAF,2023-03-23 22:34:53,User_5688,User_7140,2820.63,Hyderabad,22,Safe
UPIE9673AE86ED8,2023-12-19 21:38:42,User_4082,User_5740,7520.11,Ahmedabad,21,Safe
UPI43B24D268D9A,2023-03-16 10:30:26,User_6971,User_9748,3958.58,Delhi,10,Safe
UPI64F46F54A224,2023-11-15 23:15:10,User_4223,User_5990,8526.37,Hyderabad,23,Safe
UPI81D343090832,2023-05-20 23:24:30,User_9020,User_9991,929.0,Pune,23,Safe
UPI1E44B877EA97,2023-09-10 13:49:41,User_7590,User_4874,6924.07,Kolkata,13,Safe
UPI7BA8DB7C43E8,2023-09-07 13:59:25,User_5026,User_9135,442.72,Mumbai,13,Safe
UPIC83E994BC556,2023-12-02 07:04:54,User_8239,User_8353,4666.82,Mumbai,7,Safe
UPI4491747397A7,2023-05-02 22:42:51,User_4505,User_4392,3267.06,Chennai,22,Safe
UPI7DDEBFE314DD,2023-03-09 23:25:36,User_5391,User_3987,7919.16,Bangalore,23,Safe
UPIB2868A121390,2023-11-22 20:36:53,User_8618,User_5975,7703.96,Mumbai,20,Safe
UPI54FB35434F6C,2023-01-30 17:13:09,User_3860,User_8419,5077.85,Hyderabad,17,Safe
UPI6F252F1021EB,2023-08-18 20:12:00,User_4547,User_9362,8163.6,Jaipur,20,Safe
UPI83A77796798C,2023-03-24 18:52:13,User_7310,User_2510,6541.28,Ahmedabad,18,Safe
UPID49CC2005D0D,2023-01-11 14:37:50,User_4487,User_7075,6752.45,Bangalore,14,Safe
UPIE3E629FC4500,2023-01-16 15:17:57,User_8885,User_6859,4101.38,Jaipur,15,Safe
UPI7B4A335E47E8,2023-07-14 17:00:35,User_1068,User_8105,9723.18,Bangalore,17,Safe
UPI4C8330E18007,2023-06-19 06:56:21,User_7709,User_9397,7414.51,Bangalore,6,Safe
UPIFC9DA759F542,2023-06-12 15:58:03,User_1242,User_9151,6655.64,Mumbai,15,Safe
UPIC3CE4E3FF1A3,2023-10-07 12:39:07,User_8596,User_6722,7736.85,Mumbai,12,Safe
UPIBF1FCBF09FCF,2023-01-12 15:50:24,User_4561,User_8769,7077.38,Lucknow,15,Safe
UPI5F034E88EF81,2023-12-27 16:16:17,User_4345,User_5258,1843.97,Ahmedabad,16,Safe
UPI3C4CD9D15B82,2023-11-13 19:54:45,User_2744,User_3584,897.68,Mumbai,19,Safe
UPI47D9DAC33BF0,2023-08-26 10:53:09,User_3392,User_6901,6446.06,Bangalore,10,Safe
UPI4C3CB8F4D046,2023-03-22 21:24:17,User_1037,User_4944,3469.6,Pune,21,Safe
UPIE7D064C73D0A,2023-12-23 18:17:14,User_3341,User_6060,9589.14,Kolkata,18,Safe
UPIBE6421DCFD17,2023-01-28 16:56:16,User_7926,User_2251,508.49,Chennai,16,Safe
UPIFE2533605487,2023-07-25 18:41:27,User_3362,User_9330,1685.64,Lucknow,18,Safe
UPI016E45B48BE4,2023-05-28 20:28:58,User_9203,User_5191,1502.79,Hyderabad,20,Safe
UPIED796C455081,2023-01-02 15:56:38,User_8472,User_5366,3600.98,Delhi,15,Safe
UPIEE886041B850,2023-07-10 14:41:15,User_5494,User_6208,9643.93,Bangalore,14,Safe
UPI6F8D59C67C03,2023-09-20 15:06:40,User_3786,User_8299,9672.88,Pune,15,Safe
UPIDBDA27A96594,2023-02-27 11:11:40,User_5329,User_5293,7167.86,Chennai,11,Safe
UPIECD6706F533A,2023-08-21 22:13:18,User_1330,User_7598,1020.94,Kolkata,22,Safe
UPI34B8B151B7E7,2023-05-29 18:26:54,User_9031,User_3321,8903.28,Pune,18,Safe
UPI36E78CE50CEC,2023-10-11 20:51:24,User_4750,User_7234,9743.85,Jaipur,20,Safe
UPIAC6B9040101E,2023-04-01 09:27:42,User_4611,User_1279,3452.74,Delhi,9,Safe
UPI49FE2A2BECD0,2023-05-28 12:55:26,User_2448,User_6804,4771.87,Kolkata,12,Safe
UPIF160F430B741,2023-03-24 08:06:10,User_5323,User_5320,9729.95,Hyderabad,8,Safe
UPIB76BDBDE6DF3,2023-10-27 06:02:36,User_1920,User_9750,4921.17,Delhi,6,Safe
UPI1D916AB264AE,2023-06-23 09:34:04,User_1975,User_2070,1292.76,Delhi,9,Safe
UPIA25A361EC726,2023-06-04 07:15:48,User_6139,User_5737,9174.28,Lucknow,7,Safe
UPIBE339E29A793,2023-12-16 12:02:42,User_3831,User_2578,3548.5,Pune,12,Safe
UPI071A5F424D54,2023-08-16 17:25:24,User_5188,User_2402,5157.01,Pune,17,Safe
UPI537C3201CEF8,2023-06-08 20:54:40,User_5659,User_3866,1902.43,Chennai,20,Safe
UPI616A69339B7F,2023-09-23 10:54:00,User_3635,User_5243,2292.63,Jaipur,10,Safe
UPI6D70A56DFDE2,2023-03-19 11:49:56,User_9940,User_6871,7875.87,Lucknow,11,Safe
UPI28B3405BC252,2023-08-30 19:25:27,User_8686,User_9744,7978.58,Pune,19,Safe
UPID4C83BC1F924,2023-01-07 06:55:58,User_4164,User_7061,2776.78,Kolkata,6,Safe
UPI6441B7AAA275,2023-04-24 22:50:10,User_2611,User_1385,3047.71,Lucknow,22,Safe
UPIF540C4EAA40F,2023-12-10 11:44:51,User_3583,User_8405,5608.89,Lucknow,11,Safe
UPI687F3AEA33B4,2023-01-28 10:45:23,User_9094,User_6949,5669.64,Ahmedabad,10,Safe
UPI58580A0166AC,2023-09-27 23:27:27,User_3809,User_3961,3502.93,Ahmedabad,23,Safe
UPI48B6AE578EC1,2023-09-27 09:23:15,User_9435,User_8764,2736.14,Ahmedabad,9,Safe
UPI23AB2EB9F29D,2023-09-23 06:27:30,User_3779,User_1771,3994.81,Pune,6,Safe
UPIB36718FE9655,2023-01-28 07:41:47,User_2233,User_2865,405.61,Chennai,7,Safe
UPI83BA056D5281,2023-05-27 03:55:57,User_5303,User_6455,246066.76,Ahmedabad,3,High Risk (Amount Outlier)
UPIF33DA6ACC798,2023-10-05 18:34:09,User_5016,User_2936,8344.79,Hyderabad,18,Safe
UPI0623609E4C71,2023-08-04 11:59:21,User_4759,User_7953,8084.0,Bangalore,11,Safe
UPIE7C8357B6112,2023-10-25 12:18:24,User_2397,User_2826,6247.17,Lucknow,12,Safe
UPI7979FD9F8E43,2023-03-24 09:01:13,User_7370,User_6704,1981.31,Bangalore,9,Safe
UPI0C97E4D7439B,2023-12-30 10:33:06,User_3868,User_3915,6600.63,Pune,10,Safe
UPIC36C5CB28828,2023-03-02 09:34:45,User_1155,User_6245,5380.46,Jaipur,9,Safe
UPIF6EF3AFBCDBE,2023-09-22 15:08:35,User_9968,User_7638,603.02,Chennai,15,Safe
UPID61D75D08B8F,2023-02-25 09:59:49,User_1663,User_9630,9204.38,Hyderabad,9,Safe
UPI8AF54DE4F76E,2023-03-08 08:08:51,User_7628,User_9626,9605.73,Delhi,8,Safe
UPI5E5E6136945C,2023-01-05 13:49:18,User_8795,User_7810,181.37,Kolkata,13,Safe
UPI36CBA2A1BD30,2023-04-14 17:44:31,User_6601,User_9135,5121.54,Kolkata,17,Safe
UPIDD513B78ECD6,2023-08-23 07:32:16,User_8278,User_8597,3682.64,Mumbai,7,Safe
UPI4B77C61A0006,2023-10-21 08:15:30,User_3951,User_7255,5814.23,Hyderabad,8,Safe
UPIA4B79EFEF2B3,2023-07-24 09:14:25,User_2633,User_6461,8430.72,Kolkata,9,Safe
UPI13C2FEB5B7F9,2023-12-21 09:41:30,User_2517,User_3422,3734.08,Kolkata,9,Safe
UPI660F999BA52C,2023-06-20 17:35:25,User_4741,User_6708,4982.14,Bangalore,17,Safe
UPI9C3B0E90C53A,2023-08-20 16:10:24,User_4284,User_6285,2820.62,Ahmedabad,16,Safe
UPI8DBA207DE7F4,2023-12-28 23:34:05,User_7891,User_2844,9509.3,Jaipur,23,Safe
UPIB4B07B07FFF7,2023-08-18 12:04:20,User_6951,User_2751,8027.64,Jaipur,12,Safe
UPI38D8F51D5A8E,2023-06-01 12:39:00,User_7166,User_4977,1486.63,Bangalore,12,Safe
UPI4E1946FFADE4,2023-05-19 10:57:13,User_2601,User_6680,6713.08,Bangalore,10,Safe
UPIF3BDBF6CA20F,2023-12-22 13:59:49,User_1903,User_8621,1120.53,Chennai,13,Safe
UPI3A3F1973531D,2023-09-07 22:35:39,User_5226,User_6169,7682.06,Hyderabad,22,Safe
UPID230A748FEB6,2023-06-28 14:15:42,User_6548,User_5341,1788.37,Hyderabad,14,Safe
UPID14EE1A6E9EA,2023-02-04 07:53:03,User_6209,User_6458,8071.27,Delhi,7,Safe
UPI1615AEA786C9,2023-10-29 23:17:32,User_1466,User_9295,8899.58,Jaipur,23,Safe
UPI095B63A13498,2023-12-08 12:32:34,User_2957,User_4128,9033.86,Ahmedabad,12,Safe
UPI6967D14355FC,2023-06-29 07:58:24,User_4932,User_6031,979.09,Delhi,7,Safe
UPI9631F9EFF4E9,2023-03-03 12:57:27,User_5747,User_4287,7079.5,Bangalore,12,Safe
UPIF6E043700C69,2023-09-27 09:46:26,User_9135,User_3810,3000.41,Hyderabad,9,Safe
UPI7B23E5DEDD50,2023-03-26 10:37:07,User_3314,User_8148,1593.8,Pune,10,Safe
UPIFB3DC30AF7E3,2023-08-13 20:00:06,User_1464,User_3378,1042.08,Delhi,20,Safe
UPI4F29D56AFEC7,2023-02-27 16:15:16,User_7993,User_9802,4584.89,Pune,16,Safe
UPID85A5ED43F7F,2023-09-07 23:48:17,User_2278,User_5521,3985.14,Bangalore,23,Safe
UPI82F80F9B2F33,2023-09-14 11:17:28,User_4116,User_8324,1271.07,Delhi,11,Safe
UPI8FFC24FFC8D0,2023-11-30 11:37:12,User_9870,User_4122,341.74,Kolkata,11,Safe
UPIAE44D3ACB14F,2023-02-04 12:07:41,User_3206,User_6876,6809.09,Bangalore,12,Safe
UPICBAC022900C4,2023-04-09 21:15:18,User_1676,User_7035,274.29,Kolkata,21,Safe
UPI2B2A87A70172,2023-04-02 03:16:01,User_9878,User_9772,361640.19,Ahmedabad,3,High Risk (Amount Outlier)
UPI34DCA2C3BB9B,2023-08-08 21:37:46,User_3576,User_8595,220.63,Chennai,21,Safe
UPI672FD9DCD60D,2023-08-10 20:35:42,User_8186,User_3732,3830.05,Mumbai,20,Safe
UPI373683E3D202,2023-03-06 18:23:15,User_3776,User_8352,7411.62,Lucknow,18,Safe
UPI73E9185C3333,2023-01-12 10:53:46,User_7220,User_5413,4270.81,Kolkata,10,Safe
UPID7E4B27961DC,2023-02-22 15:49:29,User_2288,User_8189,2022.59,Delhi,15,Safe
UPIA4F5DF95964F,2023-03-03 11:35:09,User_5246,User_6277,9690.99,Ahmedabad,11,Safe
UPIC7C98F270CC4,2023-05-26 16:53:14,User_8169,User_4577,2615.83,Ahmedabad,16,Safe
UPI0836C93C5D1B,2023-12-03 03:34:36,User_7795,User_5875,270678.53,Bangalore,3,High Risk (Amount Outlier)
UPIF8371DA07EEE,2023-12-22 18:26:44,User_9606,User_5971,5807.63,Bangalore,18,Safe
UPI496368066A39,2023-08-26 14:15:29,User_2424,User_6958,4254.35,Lucknow,14,Safe
UPIDF81A037EB7B,2023-05-11 04:03:44,User_6682,User_2276,184835.38,Lucknow,4,High Risk (Amount Outlier)
UPI5D50FFC37C50,2023-10-06 15:56:36,User_5723,User_4553,7770.27,Delhi,15,Safe
UPI2C096C486C5C,2023-03-30 12:02:35,User_8111,User_8994,4275.34,Chennai,12,Safe
UPI9F01AFFA51B1,2023-01-19 06:42:44,User_3653,User_6976,2719.17,Hyderabad,6,Safe
UPI1C5B153532D6,2023-04-16 08:36:25,User_3899,User_8197,562.81,Kolkata,8,Safe
UPICB29F30FAAFD,2023-02-26 17:31:33,User_2854,User_8929,7460.85,Hyderabad,17,Safe
UPIB2361C31D6ED,2023-10-21 14:48:10,User_8003,User_7543,5320.14,Chennai,14,Safe
UPI0B8D7338F184,2023-04-19 21:31:33,User_8630,User_6256,9876.53,Bangalore,21,Safe
UPI44C470F7089E,2023-05-14 06:59:13,User_3384,User_2732,2536.0,Lucknow,6,Safe
UPIEB12F3D32A4C,2023-01-08 15:39:26,User_3985,User_2781,5876.3,Jaipur,15,Safe
UPI0736921D47F5,2023-04-28 23:48:35,User_7526,User_4732,988.23,Hyderabad,23,Safe
UPID6D927D35910,2023-02-25 23:27:17,User_5245,User_9973,501.22,Bangalore,23,Safe
UPIE7599E1D4789,2023-09-12 21:58:50,User_1739,User_3871,6779.58,Ahmedabad,21,Safe
UPIF186CA8D5B18,2023-12-06 19:50:38,User_1162,User_9215,1071.92,Delhi,19,Safe
UPIE8F7F32E1E9E,2023-02-26 18:23:33,User_1005,User_8190,3861.78,Ahmedabad,18,Safe
UPI38AD6D461A6A,2023-06-26 09:13:12,User_1688,User_9773,2929.06,Pune,9,Safe
UPI62B1A2531FEE,2023-06-08 23:12:37,User_5151,User_7762,1208.31,Jaipur,23,Safe
UPIA0363C0F8B5C,2023-01-02 10:39:40,User_3824,User_7395,6889.75,Mumbai,10,Safe
UPI30F74FF3EEAB,2023-05-26 08:51:26,User_6407,User_7998,5514.97,Mumbai,8,Safe
UPIAFDE065F1D9C,2023-02-07 15:36:50,User_9259,User_2673,5612.11,Lucknow,15,Safe
UPI9696901FE611,2023-12-29 23:40:38,User_1375,User_2083,6627.5,Mumbai,23,Safe
UPI038F0F312061,2023-08-06 23:32:08,User_5301,User_1265,3284.54,Kolkata,23,Safe
UPIA016AA439E30,2023-04-11 11:33:23,User_9485,User_5688,6054.6,Chennai,11,Safe
UPI1BA60E27547F,2023-09-22 08:45:49,User_7395,User_4249,8785.32,Kolkata,8,Safe
UPI82893E075A78,2023-01-15 14:53:50,User_9229,User_4478,3159.2,Kolkata,14,Safe
UPIFA68257B1CAF,2023-01-05 06:10:25,User_8384,User_1121,2008.66,Ahmedabad,6,Safe
UPIDCF7D6547DF2,2023-04-12 13:40:18,User_5285,User_8050,7736.26,Chennai,13,Safe
UPID7C9BB984679,2023-06-22 23:34:56,User_7181,User_4794,4592.14,Hyderabad,23,Safe
UPIDBC744238BF7,2023-05-15 09:21:21,User_7567,User_4647,164.76,Delhi,9,Safe
UPI7916A1518DE4,2023-09-23 15:30:34,User_2423,User_4605,8672.25,Chennai,15,Safe
UPI567DF160017D,2023-04-05 02:53:50,User_6943,User_2030,169158.78,Pune,2,High Risk (Amount Outlier)
UPI04B0E075181D,2023-12-16 22:14:31,User_8547,User_2174,31.41,Jaipur,22,Safe
UPI498443D30C8B,2023-06-05 09:15:59,User_6727,User_3261,5425.67,Lucknow,9,Safe
UPIB24E2B4E66D8,2023-07-14 16:31:37,User_3139,User_4449,1177.11,Hyderabad,16,Safe
UPIE02AD0C730D9,2023-12-03 16:25:57,User_2745,User_2560,4823.0,Kolkata,16,Safe
UPI4FA68D2936BD,2023-10-04 21:09:39,User_6678,User_4708,7670.77,Jaipur,21,Safe
UPI3FCAB88BD1E9,2023-04-12 18:47:00,User_8644,User_9449,4651.16,Chennai,18,Safe
UPI5F8CC170AE21,2023-09-30 18:31:56,User_4969,User_9367,7484.58,Jaipur,18,Safe
UPIDF626A1409A9,2023-02-17 11:20:39,User_3240,User_3627,3891.99,Delhi,11,Safe
UPIB483AFFCF2B9,2023-01-26 18:52:58,User_2424,User_7008,7005.41,Jaipur,18,Safe
UPI5260EFF1E8DF,2023-02-13 18:07:01,User_9405,User_7335,2576.78,Hyderabad,18,Safe
UPI081807CC3DD8,2023-11-13 20:02:08,User_3435,User_5823,2733.43,Kolkata,20,Safe
UPID17E833C7E4B,2023-12-10 10:50:15,User_1090,User_7001,1341.87,Pune,10,Safe
UPI9EE46E87B72E,2023-02-17 23:39:02,User_2575,User_2928,1352.45,Bangalore,23,Safe
UPIF3B256B6CBFC,2023-08-16 06:43:57,User_7832,User_1909,1941.36,Mumbai,6,Safe
UPIE95ECF6C6C90,2023-11-15 17:25:34,User_7835,User_5465,9501.76,Chennai,17,Safe
UPI934AF81DAB09,2023-01-27 09:18:12,User_8260,User_9491,4330.08,Mumbai,9,Safe
UPI7C8E0808B038,2023-10-30 03:04:10,User_6810,User_7993,375038.75,Chennai,3,High Risk (Amount Outlier)
UPI84CCE2520BC7,2023-06-21 12:47:54,User_2330,User_4654,5646.91,Jaipur,12,Safe
UPI68A1F4D519FF,2023-08-06 07:59:27,User_1160,User_8598,5279.75,Lucknow,7,Safe
UPI9C62649D0641,2023-08-17 15:55:18,User_6911,User_1725,8622.53,Lucknow,15,Safe
UPIEAC203E2A589,2023-09-11 22:08:34,User_4277,User_7202,6862.74,Kolkata,22,Safe
UPI922130FB7ACB,2023-10-19 20:11:02,User_2838,User_1687,8085.07,Lucknow,20,Safe
UPI4BBAD482FE68,2023-11-12 17:24:56,User_2182,User_4452,3854.24,Pune,17,Safe
UPIA0098A0FC3A3,2023-10-14 03:31:25,User_4317,User_4337,484693.51,Lucknow,3,High Risk (Amount Outlier)
UPI24FB5758D7C6,2023-08-19 16:57:22,User_5661,User_9227,2327.55,Lucknow,16,Safe
UPIE09A4B5A4C64,2023-07-05 09:29:16,User_7174,User_2320,808.27,Chennai,9,Safe
UPIEE6D3F669E94,2023-05-09 12:55:48,User_9331,User_3265,4945.22,Mumbai,12,Safe
UPI1D91245B55C2,2023-03-04 12:42:40,User_2657,User_7288,762.59,Hyderabad,12,Safe
UPI69E62AD0B027,2023-06-13 02:15:39,User_5050,User_8195,101879.69,Bangalore,2,High Risk (Amount Outlier)
UPIE0F8C7097504,2023-11-13 20:56:29,User_9730,User_5306,927.85,Kolkata,20,Safe
UPI14E4D8A42BCB,2023-11-22 15:07:57,User_1656,User_1722,5339.66,Lucknow,15,Safe
UPIDE9585883F86,2023-06-03 08:01:32,User_3319,User_2027,3689.22,Chennai,8,Safe
UPI180C5B51B9F4,2023-05-05 19:23:20,User_3667,User_8846,7831.38,Hyderabad,19,Safe
UPI8CD54DAACDA4,2023-08-05 04:24:33,User_7849,User_7454,136299.74,Bangalore,4,High Risk (Amount Outlier)
UPI0E616A347E14,2023-12-11 22:23:49,User_8241,User_8033,4046.43,Lucknow,22,Safe
UPI5D443FFCCB71,2023-02-20 15:59:55,User_3028,User_7498,5109.08,Mumbai,15,Safe
UPI373C70E55BE5,2023-02-15 14:48:14,User_7916,User_8141,4171.88,Delhi,14,Safe
UPI3F96D59C5D27,2023-01-23 14:43:28,User_9175,User_1636,6546.2,Mumbai,14,Safe
UPIAE98769C6FAF,2023-04-04 16:50:59,User_6300,User_3759,1485.89,Ahmedabad,16,Safe
UPI53D8A9BD0F6E,2023-05-11 11:58:53,User_7755,User_4905,3042.28,Lucknow,11,Safe
UPI68C89083BC52,2023-01-25 23:53:29,User_3031,User_3349,257.06,Jaipur,23,Safe
UPI85103FC3E90C,2023-02-03 15:21:19,User_6504,User_8775,6700.11,Lucknow,15,Safe
UPIBB8B0305DD7C,2023-05-22 19:44:51,User_1651,User_2578,3181.24,Lucknow,19,Safe
UPI2711523733B0,2023-03-30 01:32:12,User_7696,User_1582,132223.42,Delhi,1,High Risk (Amount Outlier)
UPI9725B2FFF821,2023-03-26 21:27:34,User_9816,User_6988,9667.18,Jaipur,21,Safe
UPI90D3C3630B36,2023-11-09 16:43:17,User_2582,User_6998,5573.98,Bangalore,16,Safe
UPI8112A28663CF,2023-10-07 23:27:17,User_3561,User_9521,3948.24,Mumbai,23,Safe
UPI1F4FEADB1280,2023-08-08 09:31:53,User_3339,User_8389,8781.82,Lucknow,9,Safe
UPIC29EA72B3CD8,2023-10-23 06:50:23,User_7394,User_1734,9347.29,Hyderabad,6,Safe
UPI8B750722C09B,2023-02-21 22:12:08,User_4175,User_2263,8677.23,Jaipur,22,Safe
UPI9060CED922A8,2023-03-22 02:08:14,User_6221,User_1112,74367.52,Mumbai,2,High Risk (Amount Outlier)
UPIF10BB039DD11,2023-03-11 23:10:52,User_9412,User_7354,1264.46,Lucknow,23,Safe
UPI140CAFB49872,2023-03-28 15:09:56,User_8754,User_2872,3091.01,Ahmedabad,15,Safe
UPI12F0CF8D2C9B,2023-10-03 17:48:55,User_3644,User_9534,8917.17,Hyderabad,17,Safe
UPIB64263395E91,2023-11-30 08:33:02,User_8119,User_2680,4494.9,Chennai,8,Safe
UPI6F4D4781C64B,2023-03-08 19:20:42,User_6054,User_1756,2985.19,Hyderabad,19,Safe
UPI718EB643359D,2023-07-17 10:11:19,User_7395,User_1398,6859.68,Hyderabad,10,Safe
UPIC9BF50E41DCE,2023-08-30 06:10:03,User_8117,User_4051,3508.41,Chennai,6,Safe
UPI5555EA1BB08C,2023-11-16 06:37:11,User_6013,User_6183,2438.26,Ahmedabad,6,Safe
UPIDCF27AC43D0F,2023-12-22 14:29:15,User_2584,User_2000,9529.96,Hyderabad,14,Safe
UPI4573B8AFB533,2023-06-12 15:02:31,User_6042,User_6932,5929.42,Pune,15,Safe
UPI3AA7401EDB6B,2023-08-30 15:14:30,User_7959,User_9536,9448.84,Chennai,15,Safe
UPI66EBBF78A404,2023-11-23 09:30:47,User_5042,User_8170,9406.27,Jaipur,9,Safe
UPIB7201A8EA7D3,2023-03-04 12:32:08,User_7812,User_6805,4394.18,Hyderabad,12,Safe
UPI4DC6E81DF86D,2023-05-20 23:01:48,User_5061,User_9088,1433.76,Ahmedabad,23,Safe
UPI0A7A1207DE92,2023-12-19 17:50:54,User_4366,User_9039,2176.91,Jaipur,17,Safe
UPIDC1A09B154F6,2023-01-19 06:50:56,User_8677,User_4621,2848.61,Pune,6,Safe
UPI3C617AF5FC61,2023-05-31 15:28:05,User_1759,User_5340,3819.98,Pune,15,Safe
UPI0C987AF7DE9B,2023-08-31 12:20:22,User_2666,User_5740,1479.53,Ahmedabad,12,Safe
UPI1E17C869416D,2023-09-24 17:41:11,User_1202,User_6825,613.98,Mumbai,17,Safe
UPIB17C501DA6A0,2023-12-14 17:45:35,User_4222,User_6470,1946.66,Bangalore,17,Safe
UPI8081F0797E60,2023-03-03 07:34:24,User_1420,User_9659,1433.44,Chennai,7,Safe
UPI985301DF8640,2023-07-20 09:49:27,User_1205,User_4592,9139.37,Chennai,9,Safe
UPIE9B053849523,2023-11-11 18:43:34,User_4261,User_3147,206.18,Delhi,18,Safe
UPI9977A7AA62BE,2023-01-11 07:18:35,User_8355,User_2586,5939.77,Mumbai,7,Safe
UPI57BBACB774BB,2023-05-27 12:35:29,User_4659,User_6895,733.23,Kolkata,12,Safe
UPIC98C50C3863B,2023-10-06 20:37:17,User_9777,User_5896,9468.71,Lucknow,20,Safe
UPIAC43299B3EA7,2023-07-31 11:11:34,User_1990,User_9608,5675.39,Delhi,11,Safe
UPI01C3ECF79638,2023-07-02 20:15:09,User_9371,User_6797,292.48,Mumbai,20,Safe
UPIC29C3AFBE12F,2023-12-13 07:45:56,User_1799,User_6523,5251.38,Hyderabad,7,Safe
UPIB0204B3320ED,2023-10-29 13:21:36,User_8770,User_9237,8084.65,Kolkata,13,Safe
UPI9043A4DA7560,2023-01-07 13:26:02,User_3568,User_5299,2257.53,Pune,13,Safe
UPI7B1829781E9D,2023-04-11 20:44:51,User_6018,User_8462,5410.14,Kolkata,20,Safe
UPI81774B5CDEB8,2023-05-24 23:45:39,User_2384,User_9747,5493.05,Hyderabad,23,Safe
UPIC1AA25571A76,2023-12-20 09:06:09,User_5174,User_7933,1008.09,Delhi,9,Safe
UPIEEAB583C881D,2023-03-17 18:39:34,User_3850,User_5682,3513.17,Lucknow,18,Safe
UPID7248372F1C9,2023-05-09 21:10:53,User_2206,User_4700,5015.98,Chennai,21,Safe
UPI7D3B456A0663,2023-08-30 06:55:20,User_8135,User_9440,8178.84,Ahmedabad,6,Safe
UPIDABB7C63B5DD,2023-12-30 18:29:29,User_7786,User_6836,6823.34,Mumbai,18,Safe
UPI292731DDC4E5,2023-08-15 19:35:08,User_1168,User_1157,7316.1,Lucknow,19,Safe
UPID7389FEA9188,2023-10-12 07:03:14,User_7022,User_4943,7855.87,Hyderabad,7,Safe
UPI8040FA6E8D01,2023-05-18 16:40:17,User_9159,User_9447,6588.12,Jaipur,16,Safe
UPI64E40BB367BE,2023-11-30 10:19:36,User_1082,User_4659,118.28,Jaipur,10,Safe
UPIBB5A804F0177,2023-10-09 11:45:20,User_4543,User_2099,8863.8,Ahmedabad,11,Safe
UPI6CA38C022DFA,2023-08-22 17:03:51,User_1384,User_7082,8703.93,Hyderabad,17,Safe
UPIF7278C50B682,2023-12-09 06:02:23,User_6128,User_4561,8934.94,Pune,6,Safe
UPI8E90DA766641,2023-03-03 16:14:11,User_2642,User_8988,1098.96,Bangalore,16,Safe
UPIC942A5CAE490,2023-12-25 14:07:09,User_8793,User_3075,5758.5,Jaipur,14,Safe
UPIE2BB2C496C09,2023-03-05 14:35:36,User_8348,User_6428,7307.27,Bangalore,14,Safe
UPIBA99DF88A986,2023-12-16 15:39:34,User_3945,User_8928,2662.39,Jaipur,15,Safe
UPIC5972447DC49,2023-11-14 21:17:36,User_3505,User_6751,9345.97,Bangalore,21,Safe
UPI0B7F9E04DEFE,2023-03-23 03:36:23,User_7014,User_3038,454946.36,Mumbai,3,High Risk (Amount Outlier)
UPI82EDAF2AF8B3,2023-05-09 19:42:29,User_4427,User_7763,9650.19,Hyderabad,19,Safe
UPI33B730354AB9,2023-01-15 09:11:50,User_2323,User_4831,1964.79,Delhi,9,Safe
UPI64A42B37632E,2023-07-20 23:19:44,User_1698,User_7609,9403.67,Kolkata,23,Safe
UPI94F4115575DD,2023-01-22 20:30:24,User_8613,User_2878,4672.56,Pune,20,Safe
UPI2DF6D10F4D4F,2023-11-04 22:07:11,User_7320,User_9316,8112.4,Bangalore,22,Safe
UPI423D8570C283,2023-11-16 10:34:01,User_9371,User_8646,5358.6,Pune,10,Safe
UPIC167E6C3290A,2023-08-05 17:18:57,User_9801,User_1795,8139.97,Lucknow,17,Safe
UPI260457936C97,2023-04-11 16:44:03,User_5115,User_9914,1536.94,Chennai,16,Safe
UPIC839780BAD80,2023-12-05 17:40:08,User_1327,User_8522,8971.97,Jaipur,17,Safe
UPI4AF094DBD152,2023-11-04 08:36:34,User_1889,User_8937,2376.01,Mumbai,8,Safe
UPI1B1896F324C5,2023-10-02 06:52:59,User_4984,User_6895,9609.59,Pune,6,Safe
UPIE732491C4C8B,2023-05-12 08:39:35,User_3950,User_7387,8351.79,Lucknow,8,Safe
UPIFF4A9F396FE2,2023-08-07 09:00:01,User_5650,User_4070,3744.78,Delhi,9,Safe
UPI17AA62FE0704,2023-06-12 16:47:56,User_8059,User_1484,49.85,Mumbai,16,Safe
UPI52D446E9E854,2023-02-24 09:08:43,User_1418,User_9625,7079.13,Jaipur,9,Safe
UPIEAC180AB0EB5,2023-12-25 09:27:17,User_1799,User_1682,9143.91,Lucknow,9,Safe
UPI34455C90AB09,2023-07-25 06:16:30,User_5729,User_1383,495.34,Ahmedabad,6,Safe
UPI43ADD54EF71A,2023-05-14 17:13:54,User_3440,User_6264,4342.62,Pune,17,Safe
UPI36D157D804F0,2023-09-28 19:08:20,User_3099,User_1890,8609.48,Ahmedabad,19,Safe
UPI4D320AFE48FB,2023-02-25 09:18:14,User_6869,User_7653,254.02,Bangalore,9,Safe
UPI6E43742A8408,2023-09-30 15:31:39,User_9767,User_2779,5924.18,Mumbai,15,Safe
UPIFF0627828663,2023-07-12 19:25:31,User_9948,User_8813,7716.03,Ahmedabad,19,Safe
UPIB92D2301A782,2023-03-26 06:14:54,User_6187,User_8855,811.83,Kolkata,6,Safe
UPIA3853E9B65ED,2023-08-30 23:20:11,User_4786,User_5561,8573.55,Lucknow,23,Safe
UPIC1933757A888,2023-07-22 13:09:28,User_8855,User_7007,9650.56,Jaipur,13,Safe
UPI5EFC99DA3549,2023-05-28 06:04:18,User_5402,User_2177,1055.96,Chennai,6,Safe
UPIDE17862774BB,2023-05-03 11:29:09,User_2195,User_4322,2379.03,Lucknow,11,Safe
UPI92437C464CF8,2023-11-29 09:33:54,User_9799,User_6737,4507.79,Chennai,9,Safe
UPIEBB0AEEC994C,2023-06-13 22:22:02,User_3597,User_4044,634.71,Lucknow,22,Safe
UPIE4EB94A2B31A,2023-04-29 10:00:45,User_6163,User_2712,7986.14,Bangalore,10,Safe
UPIE68985442ACF,2023-07-05 09:39:17,User_7654,User_1488,3993.73,Ahmedabad,9,Safe
UPI68EC42C5FC02,2023-12-27 13:23:28,User_6806,User_7002,205.5,Ahmedabad,13,Safe
UPI0DA3D4D5C134,2023-09-19 07:28:44,User_1169,User_2683,5147.91,Lucknow,7,Safe
UPI54FC69BFA6B7,2023-03-23 08:44:28,User_2841,User_3878,2185.35,Bangalore,8,Safe
UPIA09D37C87574,2023-04-10 06:51:43,User_9386,User_1027,4333.93,Delhi,6,Safe
UPI199E1E93D7E0,2023-11-18 14:32:49,User_8168,User_9539,4011.56,Bangalore,14,Safe
UPIBAFDDCD70EC2,2023-01-20 12:17:30,User_1820,User_8376,6992.31,Delhi,12,Safe
UPI6F95659ABDDC,2023-02-03 18:39:46,User_1847,User_5283,3416.3,Ahmedabad,18,Safe
UPIB5FEAAAA9C59,2023-04-30 15:50:34,User_5702,User_7588,7200.32,Hyderabad,15,Safe
UPIE36D9EC6877F,2023-12-27 14:27:24,User_7413,User_1825,2049.73,Delhi,14,Safe
UPIEB59747BC4AD,2023-09-13 16:54:58,User_7877,User_2502,6300.99,Bangalore,16,Safe
UPI189611DF224E,2023-01-10 07:30:52,User_4609,User_6183,7589.8,Delhi,7,Safe
UPI590EDDE8F9F9,2023-08-05 13:31:33,User_2699,User_2740,9128.12,Delhi,13,Safe
UPI1C9DAA2D71E9,2023-05-15 11:17:39,User_2011,User_4542,2419.1,Jaipur,11,Safe
UPIED3A5A43F79F,2023-05-22 06:48:16,User_6579,User_4340,9303.77,Mumbai,6,Safe
UPID02AE3670EC5,2023-02-04 10:14:09,User_1870,User_2169,5611.1,Lucknow,10,Safe
UPIC0EDB12322A9,2023-07-05 19:17:51,User_3045,User_9036,8933.14,Chennai,19,Safe
UPI2FF8DB06D1B3,2023-08-04 21:43:22,User_3839,User_9474,6529.93,Pune,21,Safe
UPI9AAF0C67BA88,2023-11-30 21:10:17,User_8209,User_1349,9160.88,Lucknow,21,Safe
UPI70F8D0225855,2023-06-20 14:54:38,User_7190,User_6363,7766.71,Delhi,14,Safe
UPIFD7750C057F3,2023-11-24 15:49:22,User_3319,User_3120,9971.15,Ahmedabad,15,Safe
UPI7EF7187C95C4,2023-01-31 16:57:39,User_2185,User_8007,9907.19,Delhi,16,Safe
UPI3CD519945AC6,2023-09-21 22:21:40,User_7953,User_4961,463.62,Jaipur,22,Safe
UPI2E62B1691E53,2023-08-21 13:46:22,User_8251,User_5069,4243.18,Jaipur,13,Safe
UPI46D31A29D65C,2023-03-05 01:35:11,User_4016,User_9447,122667.41,Jaipur,1,High Risk (Amount Outlier)
UPI7BA0F77091D9,2023-06-27 12:32:00,User_9528,User_1749,8428.68,Delhi,12,Safe
UPI0AF8DFACF234,2023-08-02 16:47:53,User_2125,User_3251,1167.49,Hyderabad,16,Safe
UPIB4675659AE44,2023-02-13 16:07:07,User_2211,User_3419,1480.57,Mumbai,16,Safe
UPIBA48020EF565,2023-05-22 21:57:36,User_7085,User_1381,4818.67,Kolkata,21,Safe
UPI4728665941FA,2023-01-09 19:48:24,User_2633,User_9441,8532.05,Bangalore,19,Safe
UPI16C212686B3B,2023-08-15 20:58:30,User_4511,User_8618,4460.96,Mumbai,20,Safe
UPI881FECA3A939,2023-01-28 14:53:39,User_7658,User_9386,7696.74,Mumbai,14,Safe
UPI85FD762FE6DC,2023-01-11 22:57:58,User_6894,User_9842,3926.16,Kolkata,22,Safe
UPI18C53801E9EC,2023-05-24 03:05:43,User_2921,User_9462,268398.61,Jaipur,3,High Risk (Amount Outlier)
UPI056CDE99DA35,2023-08-11 20:38:05,User_5027,User_6936,8144.15,Lucknow,20,Safe
UPI9DE040623A14,2023-02-23 20:38:21,User_4934,User_8506,8913.17,Hyderabad,20,Safe
UPI2BE5DDB700F3,2023-08-08 19:39:49,User_5221,User_3698,4887.94,Chennai,19,Safe
UPIE5D585B80A1F,2023-10-18 09:38:34,User_4856,User_8659,9566.73,Lucknow,9,Safe
UPIEB95314B7F15,2023-05-30 12:51:11,User_6383,User_6896,3385.51,Ahmedabad,12,Safe
UPIDA084C7097E1,2023-07-19 19:23:05,User_2284,User_1020,4804.65,Jaipur,19,Safe
UPIC7DBC948C3BE,2023-10-17 16:20:32,User_3036,User_7801,3549.72,Kolkata,16,Safe
UPIFE42002966EC,2023-02-16 12:09:52,User_8943,User_8845,8802.79,Delhi,12,Safe
UPI9E819BEB2682,2023-07-07 08:52:50,User_9604,User_2344,3032.59,Mumbai,8,Safe
UPI97D42693CFF2,2023-03-17 12:02:01,User_5520,User_6514,8318.43,Lucknow,12,Safe
UPI1A09EBFC613A,2023-05-10 06:48:06,User_2259,User_6607,2101.17,Bangalore,6,Safe
UPIC1DE726F2ED8,2023-01-19 12:30:56,User_6848,User_8612,2771.64,Bangalore,12,Safe
UPI6CB3EE7AE585,2023-04-10 09:56:32,User_3852,User_4733,6494.63,Ahmedabad,9,Safe
UPI61777089E338,2023-11-12 21:49:57,User_4342,User_6262,9044.3,Kolkata,21,Safe
UPI727F329B4E1E,2023-01-04 18:15:59,User_4890,User_1558,1872.74,Mumbai,18,Safe
UPI67E652B3E48B,2023-05-12 19:18:14,User_1464,User_4598,1935.18,Mumbai,19,Safe
UPI1C77F394D8D3,2023-09-25 10:20:37,User_6512,User_1023,4832.84,Ahmedabad,10,Safe
UPIEC5FFA89BE82,2023-05-02 15:52:27,User_7096,User_7926,4843.89,Hyderabad,15,Safe
UPI16DD59ED5AD9,2023-04-25 12:04:30,User_2444,User_5813,4563.54,Hyderabad,12,Safe
UPI01ACDE9E69E2,2023-09-09 20:28:21,User_4864,User_7744,6435.67,Delhi,20,Safe
UPIB4FF912C58C0,2023-10-04 11:18:49,User_6303,User_3387,2669.18,Mumbai,11,Safe
UPID63A008A76CB,2023-02-25 13:08:16,User_7170,User_6177,2685.3,Jaipur,13,Safe
UPI83C11FC2DCBF,2023-04-05 06:15:34,User_7612,User_6900,9255.99,Delhi,6,Safe
UPI95D47ADEA103,2023-09-06 02:49:11,User_3345,User_6274,355869.94,Lucknow,2,High Risk (Amount Outlier)
UPI183757F4F8B3,2023-10-19 22:43:01,User_1418,User_3874,5260.56,Delhi,22,Safe
UPIDF4B70368B0A,2023-02-21 19:08:28,User_7767,User_1565,5161.51,Bangalore,19,Safe
UPIDEDCCAAC557B,2023-10-16 14:49:44,User_3023,User_8513,394.21,Pune,14,Safe
UPIFF01414003CB,2023-10-30 12:32:12,User_8012,User_6144,1276.82,Pune,12,Safe
UPI6B35928365D0,2023-01-16 08:14:16,User_5459,User_9613,456.56,Bangalore,8,Safe
UPI76FA7522F451,2023-02-22 09:16:58,User_4249,User_7345,3883.56,Mumbai,9,Safe
UPI0049E044C889,2023-01-18 18:42:32,User_9974,User_1145,2998.43,Lucknow,18,Safe
UPI5ABB7C7EE186,2023-12-17 06:53:17,User_9969,User_6140,5870.1,Lucknow,6,Safe
UPID00A8B19D71D,2023-08-09 07:28:20,User_4792,User_3845,9559.8,Chennai,7,Safe
UPIC3DCE7D582D2,2023-10-03 06:07:06,User_7397,User_8366,3385.59,Kolkata,6,Safe
UPI6B209E67FAF7,2023-06-29 09:22:02,User_9197,User_5652,2205.93,Mumbai,9,Safe
UPI480F7ECA387E,2023-05-15 11:45:45,User_2310,User_9544,4701.12,Ahmedabad,11,Safe
UPIC0A00192BFC3,2023-05-13 06:54:46,User_7697,User_1478,646.45,Jaipur,6,Safe
UPI04D99D239F46,2023-02-11 20:16:58,User_1636,User_6897,1986.39,Lucknow,20,Safe
UPIF7C12BD5FD3B,2023-04-19 12:56:28,User_2417,User_2223,4533.58,Lucknow,12,Safe
UPI832CE76B3678,2023-07-10 13:05:12,User_1492,User_7453,3763.72,Pune,13,Safe
UPID8BD973EC83F,2023-09-23 23:07:26,User_3325,User_6234,9643.2,Mumbai,23,Safe
UPI668C1D85D262,2023-03-07 22:28:41,User_9684,User_8758,2503.32,Mumbai,22,Safe
UPI8DB3D38AD913,2023-02-18 19:07:58,User_5471,User_8389,5777.51,Lucknow,19,Safe
UPI69AC609930AC,2023-07-02 12:30:24,User_8294,User_6302,8478.13,Ahmedabad,12,Safe
UPIB12035F71512,2023-11-02 10:35:23,User_8806,User_2921,9599.52,Lucknow,10,Safe
UPI528B97C5078E,2023-02-13 06:34:28,User_6511,User_2672,8781.29,Delhi,6,Safe
UPIE4ED44B26897,2023-03-22 15:47:23,User_4291,User_1121,86.13,Hyderabad,15,Safe
UPI1CC8E8A01D58,2023-03-27 08:51:54,User_6521,User_1141,8130.9,Jaipur,8,Safe
UPI4EE28BAEE865,2023-05-01 21:16:58,User_3344,User_6414,1669.84,Hyderabad,21,Safe
UPID277CA89D6FF,2023-07-08 06:42:15,User_9474,User_9673,8518.92,Pune,6,Safe
UPI7AAC2A28FC59,2023-08-14 18:16:34,User_7857,User_7559,856.08,Chennai,18,Safe
UPI8DEDAC179B75,2023-09-25 22:41:37,User_9292,User_9992,2815.31,Pune,22,Safe
UPIC2CB1951F577,2023-08-02 19:33:50,User_1499,User_1493,446.13,Bangalore,19,Safe
UPI7306F66A6B96,2023-05-18 15:18:33,User_9777,User_4587,9291.79,Mumbai,15,Safe
UPI04A046629347,2023-05-18 23:55:00,User_5879,User_5748,4737.22,Lucknow,23,Safe
UPI7488C62BB28A,2023-05-18 16:46:09,User_1867,User_9436,3524.1,Kolkata,16,Safe
UPI7EABC7D9026E,2023-06-04 17:16:06,User_8667,User_7329,7869.36,Hyderabad,17,Safe
UPI6432706120A8,2023-01-02 12:32:32,User_4210,User_7368,2850.62,Chennai,12,Safe
UPI086D1D966AA0,2023-11-07 08:18:55,User_9380,User_5370,4603.94,Chennai,8,Safe
UPI42525FDB7BB9,2023-03-25 22:37:27,User_5165,User_5343,8908.38,Mumbai,22,Safe
UPID85D991AFFA5,2023-03-05 09:08:04,User_7417,User_7459,8649.66,Kolkata,9,Safe
UPI7A15823B1B0E,2023-05-27 22:15:32,User_2442,User_3913,4196.16,Pune,22,Safe
UPI3445B456838E,2023-07-01 11:02:48,User_7845,User_6836,2269.79,Bangalore,11,Safe
UPI326F9FD79734,2023-02-13 15:14:28,User_7805,User_2844,7772.63,Jaipur,15,Safe
UPI34AEA5192F0E,2023-02-01 04:45:12,User_7846,User_2244,163324.21,Hyderabad,4,High Risk (Amount Outlier)
UPI1AA3320CDB4A,2023-03-19 07:48:56,User_9525,User_3694,6785.46,Lucknow,7,Safe
UPI6DE3E2766080,2023-08-10 11:23:35,User_5900,User_9250,5861.69,Pune,11,Safe
UPI72C14C48B4A2,2023-07-19 17:33:36,User_9775,User_9829,8897.62,Pune,17,Safe
UPIB55B1C76F0EF,2023-08-25 11:03:35,User_8295,User_2738,246.91,Hyderabad,11,Safe
UPIE5B08E1FDD1B,2023-10-14 10:10:18,User_3304,User_7565,5141.77,Jaipur,10,Safe
UPIBE9922E0864A,2023-12-15 19:49:33,User_2498,User_7520,9455.22,Delhi,19,Safe
UPIDFB424604D61,2023-07-20 11:12:03,User_7210,User_4456,4800.88,Lucknow,11,Safe
UPI868BB92A0C52,2023-09-13 17:53:57,User_3872,User_9849,3284.96,Kolkata,17,Safe
UPID52EA18CE767,2023-10-10 18:32:09,User_4424,User_6509,3090.18,Kolkata,18,Safe
UPI23AB1D312907,2023-02-17 06:48:07,User_7593,User_7201,1461.31,Kolkata,6,Safe
UPI9831C464CE87,2023-08-03 09:23:12,User_8615,User_9314,367.55,Kolkata,9,Safe
UPIDCCB47D6782D,2023-04-16 14:18:33,User_3604,User_1963,1983.84,Pune,14,Safe
UPI27302943681A,2023-07-16 15:57:11,User_7789,User_6886,8473.07,Ahmedabad,15,Safe
UPID780F8467C46,2023-11-13 09:54:29,User_2449,User_3672,3610.13,Kolkata,9,Safe
UPI17F631CAED3B,2023-10-22 18:43:38,User_2927,User_7035,8970.51,Mumbai,18,Safe
UPI7B2E6C3F3737,2023-03-30 06:06:08,User_9078,User_8672,5303.16,Lucknow,6,Safe
UPICFF037425455,2023-10-31 09:47:07,User_9196,User_3510,9138.74,Chennai,9,Safe
UPIABEC007D7F76,2023-03-25 16:00:35,User_6061,User_4526,3109.26,Lucknow,16,Safe
UPIECA511BFC257,2023-10-18 23:09:49,User_4630,User_5430,5917.13,Jaipur,23,Safe
UPI759EB83A8E2B,2023-09-24 13:22:15,User_7045,User_9311,1699.91,Delhi,13,Safe
UPIE13D19E554CC,2023-01-21 22:27:51,User_3560,User_8894,9169.85,Mumbai,22,Safe
UPI9AAAD5B4BA0E,2023-05-15 11:41:25,User_1491,User_3396,4787.32,Pune,11,Safe
UPI393E50F5326A,2023-01-09 22:27:37,User_8542,User_2911,8908.27,Kolkata,22,Safe
UPI045C93F8743B,2023-07-30 19:02:31,User_1755,User_5713,8358.18,Pune,19,Safe
UPI26379E86FE92,2023-10-24 14:17:47,User_1664,User_8900,5698.2,Mumbai,14,Safe
UPIF5D0D43816A2,2023-06-19 09:26:25,User_2125,User_4046,5516.19,Bangalore,9,Safe
UPIF447ED83D399,2023-10-29 09:56:01,User_9037,User_3984,4938.33,Lucknow,9,Safe
UPI1730A8DDBAFE,2023-12-06 19:47:25,User_9414,User_6628,5681.32,Lucknow,19,Safe
UPICE00618FF81B,2023-03-26 09:06:06,User_4626,User_4529,5624.63,Kolkata,9,Safe
UPI05B6E4CF8F8D,2023-07-31 18:55:20,User_6881,User_1765,3805.27,Mumbai,18,Safe
UPI23D63D03FC61,2023-08-25 19:28:28,User_7695,User_5170,8740.93,Pune,19,Safe
UPI8E92A4F3B2A2,2023-12-09 15:45:03,User_6412,User_9353,53.42,Chennai,15,Safe
UPI0F4922C22D1A,2023-03-26 23:07:37,User_1337,User_3218,5797.5,Chennai,23,Safe
UPID5B38E350DB9,2023-03-16 09:27:08,User_7894,User_4061,8965.9,Delhi,9,Safe
UPI02D263D7B652,2023-04-02 12:28:35,User_5872,User_1688,6229.93,Delhi,12,Safe
UPI093ECFF18034,2023-01-09 21:04:35,User_2064,User_4076,7628.37,Pune,21,Safe
UPI1930E7C57AA3,2023-04-05 12:53:36,User_8793,User_6449,6921.31,Hyderabad,12,Safe
UPICB225410726B,2023-01-25 15:35:14,User_8652,User_2351,5553.71,Kolkata,15,Safe
UPIECB3A298AB24,2023-05-29 11:10:47,User_1784,User_9650,92.71,Jaipur,11,Safe
UPIC8264B427822,2023-05-24 18:40:14,User_4698,User_5046,3636.03,Lucknow,18,Safe
UPI166DEE17DAB4,2023-08-19 10:33:04,User_6283,User_5396,4146.26,Pune,10,Safe
UPI36F666FA61CE,2023-07-13 07:01:44,User_5428,User_6133,2148.41,Delhi,7,Safe
UPI113A276E433E,2023-03-25 23:11:05,User_8289,User_4274,5063.38,Ahmedabad,23,Safe
UPID8DD8B7B0EDE,2023-10-14 10:49:01,User_1895,User_5345,8636.09,Chennai,10,Safe
UPID50D735BE78B,2023-02-12 10:30:11,User_9426,User_4146,5809.97,Pune,10,Safe
UPI0A84FBCAEF07,2023-11-29 10:57:46,User_9966,User_6544,33.84,Mumbai,10,Safe
UPIBF3E8F702F19,2023-03-14 06:43:02,User_9191,User_2583,358.4,Hyderabad,6,Safe
UPI59C03A841495,2023-07-11 07:40:05,User_1880,User_8972,6365.12,Delhi,7,Safe
UPI6D5F07765524,2023-10-15 20:49:50,User_5392,User_4727,7404.57,Kolkata,20,Safe
UPIA2E1D119474B,2023-02-13 07:13:19,User_9149,User_6883,61.5,Ahmedabad,7,Safe
UPIF22832A9FC3D,2023-01-21 07:34:27,User_7026,User_5706,1752.27,Kolkata,7,Safe
UPI953701B299E9,2023-10-01 12:04:57,User_9388,User_2906,4248.95,Kolkata,12,Safe
UPIB8010E9B6BE2,2023-05-18 22:43:55,User_7552,User_9046,4092.85,Delhi,22,Safe
UPI8B3AD1CB3DEC,2023-11-12 16:14:08,User_8191,User_5518,525.23,Chennai,16,Safe
UPI08DC01859778,2023-08-29 21:42:48,User_6886,User_7810,7306.37,Delhi,21,Safe
UPI2A9F8ABDA7A4,2023-02-04 20:47:49,User_3754,User_6093,6520.53,Mumbai,20,Safe
UPI941FD7180EBF,2023-06-19 14:44:35,User_6186,User_6711,2093.2,Delhi,14,Safe
UPI16309D91C997,2023-07-23 03:00:44,User_3967,User_8833,187948.92,Hyderabad,3,High Risk (Amount Outlier)
UPI8CAE77091C45,2023-03-01 18:56:52,User_6422,User_8884,3101.5,Kolkata,18,Safe
UPID250665E126B,2023-07-18 08:53:56,User_5178,User_5790,9328.73,Hyderabad,8,Safe
UPI980D6B2349F9,2023-03-12 04:39:46,User_2898,User_9580,260251.66,Lucknow,4,High Risk (Amount Outlier)
UPI431E3A5F663B,2023-07-19 19:27:31,User_2983,User_5960,1472.74,Hyderabad,19,Safe
UPI5C576E166332,2023-06-19 23:02:11,User_7151,User_9606,2352.01,Lucknow,23,Safe
UPIDA5C066648AD,2023-11-07 21:15:49,User_1833,User_2695,4373.76,Mumbai,21,Safe
UPI5377CB3DB7FE,2023-11-16 08:03:31,User_5057,User_3607,3246.24,Chennai,8,Safe
UPI500D29BB4DC6,2023-07-14 01:53:36,User_9978,User_6566,393809.87,Kolkata,1,High Risk (Amount Outlier)
UPIDA7BA80614DE,2023-02-21 06:18:43,User_2289,User_7439,8852.03,Mumbai,6,Safe
UPI7B667AEF6146,2023-06-12 11:23:31,User_5192,User_6493,570.22,Hyderabad,11,Safe
UPI8D0B7172E2F0,2023-02-23 09:53:51,User_8697,User_1151,3718.45,Kolkata,9,Safe
UPIF111FF2BA505,2023-12-04 15:21:24,User_8951,User_2486,3593.22,Ahmedabad,15,Safe
UPIF766C9EE3641,2023-06-11 12:05:17,User_5016,User_2294,7014.2,Bangalore,12,Safe
UPI9B31F377F6C7,2023-07-29 20:46:38,User_9788,User_9960,1155.83,Delhi,20,Safe
UPI5868EACBED11,2023-04-06 21:21:21,User_7922,User_9497,283.03,Lucknow,21,Safe
UPI6FCF20DD953E,2023-12-28 12:40:34,User_3156,User_7672,5996.5,Ahmedabad,12,Safe
UPID97FB54115CE,2023-02-15 15:27:24,User_8356,User_3640,9603.89,Hyderabad,15,Safe
UPIDDA11F95D2B4,2023-02-25 09:38:47,User_1030,User_2886,938.41,Ahmedabad,9,Safe
UPIC2D96AD458BB,2023-01-03 15:23:53,User_6179,User_1807,8771.18,Hyderabad,15,Safe
UPI53A7EE93D466,2023-10-08 18:30:58,User_9488,User_1006,8643.19,Mumbai,18,Safe
UPI4486F72EE5E4,2023-09-14 02:08:18,User_3935,User_2292,431406.97,Mumbai,2,High Risk (Amount Outlier)
UPIB594EC4848A1,2023-11-10 22:56:03,User_8078,User_2461,5391.68,Ahmedabad,22,Safe
UPI5622BE3CE7E5,2023-09-21 02:15:22,User_6767,User_1147,217772.8,Hyderabad,2,High Risk (Amount Outlier)
UPI8767A68282D0,2023-06-01 15:34:30,User_8820,User_2165,8622.16,Lucknow,15,Safe
UPID34F82E0CD28,2023-11-03 13:24:19,User_3700,User_4106,3044.98,Pune,13,Safe
UPIE1CCADF61B50,2023-09-02 14:52:51,User_8548,User_4990,4483.67,Delhi,14,Safe
UPI791F1B3E5DF1,2023-06-06 04:50:48,User_9291,User_3293,470037.38,Chennai,4,High Risk (Amount Outlier)
UPI3C4B8D5236DC,2023-07-17 11:50:34,User_8573,User_9861,8422.95,Delhi,11,Safe
UPI75D07C3C27D6,2023-01-09 14:53:18,User_5298,User_9419,2725.5,Pune,14,Safe
UPIFE0F95ED7772,2023-08-15 18:00:07,User_3795,User_6879,3043.16,Bangalore,18,Safe
UPI8DE8F01C53AD,2023-09-24 19:51:50,User_4268,User_1852,2672.26,Hyderabad,19,Safe
UPID8AA7841B8BA,2023-08-04 18:57:24,User_9226,User_8100,6330.31,Kolkata,18,Safe
UPI7D4D3C33E5CB,2023-03-19 02:40:50,User_8959,User_6073,403522.62,Delhi,2,High Risk (Amount Outlier)
UPID256A9AE3402,2023-11-08 19:22:23,User_8886,User_2124,9016.73,Bangalore,19,Safe
UPIA9B213E5B6AA,2023-05-14 15:06:21,User_3441,User_8537,4593.66,Jaipur,15,Safe
UPI069BEC89C090,2023-08-08 17:50:40,User_4728,User_8670,8133.68,Mumbai,17,Safe
UPI85650DFFE6B7,2023-04-24 18:08:27,User_8915,User_6479,2424.91,Lucknow,18,Safe
UPI8D9B4C49CDB4,2023-10-05 23:32:03,User_7247,User_9419,18.61,Bangalore,23,Safe
UPIE581DF1D056F,2023-12-04 12:12:44,User_3531,User_3553,357.28,Bangalore,12,Safe
UPI5D9C9A964151,2023-05-16 18:41:09,User_8229,User_6213,6125.58,Lucknow,18,Safe
UPI0A95B9FB38D9,2023-12-26 03:57:40,User_7471,User_3734,113680.15,Kolkata,3,High Risk (Amount Outlier)
UPI0D677A3B340C,2023-11-20 08:55:03,User_2123,User_8090,2607.42,Pune,8,Safe
UPIC5484D6A115F,2023-03-12 16:24:28,User_3544,User_6923,5244.51,Mumbai,16,Safe
UPI892C977934DD,2023-10-29 17:15:06,User_4693,User_1330,3002.17,Bangalore,17,Safe
UPI5C284646FEC1,2023-04-06 21:58:29,User_5773,User_7629,1480.07,Kolkata,21,Safe
UPI599397776B14,2023-11-25 14:04:05,User_6458,User_2745,8997.25,Chennai,14,Safe
UPI6227E3A078B5,2023-11-29 19:21:11,User_1629,User_3640,4198.63,Chennai,19,Safe
UPI84D4AA9FFB67,2023-04-23 19:47:56,User_8930,User_5157,8214.05,Delhi,19,Safe
UPI0897A5A2CDCA,2023-01-28 17:10:27,User_2651,User_6545,1618.96,Pune,17,Safe
UPI987605D717C0,2023-12-21 15:37:20,User_7741,User_5172,9714.1,Kolkata,15,Safe
UPID3C4F62A06E0,2023-10-15 15:45:11,User_1763,User_3904,4038.35,Delhi,15,Safe
UPIB813081E1FA2,2023-05-24 21:51:36,User_3678,User_2177,9336.73,Chennai,21,Safe
UPID2D1F272B939,2023-04-20 22:13:53,User_5239,User_1319,4148.74,Bangalore,22,Safe
UPI8D6E78B70CDF,2023-11-18 15:15:22,User_4167,User_7701,2017.96,Pune,15,Safe
UPIAEE21A7A7079,2023-05-21 18:38:15,User_9998,User_4500,400.22,Delhi,18,Safe
UPI0AEB20D4D7B7,2023-11-12 07:22:12,User_4003,User_9213,9510.4,Ahmedabad,7,Safe
UPI5943363EA6AB,2023-12-30 17:06:38,User_4125,User_9676,1573.86,Jaipur,17,Safe
UPI681A8B256068,2023-11-29 08:17:43,User_5343,User_6792,5151.86,Bangalore,8,Safe
UPI6B2C6F791EFF,2023-10-12 22:13:53,User_1531,User_5526,2695.24,Jaipur,22,Safe
UPI62FD8B47F730,2023-11-12 09:03:10,User_2618,User_3002,4175.04,Ahmedabad,9,Safe
UPI9EF6501418F2,2023-03-22 22:35:22,User_4316,User_4960,7247.72,Hyderabad,22,Safe
UPIC8E617BE96B1,2023-06-16 14:03:13,User_7018,User_1299,4596.8,Lucknow,14,Safe
UPIE01906DBAD5E,2023-10-21 18:36:53,User_1104,User_6608,5258.33,Jaipur,18,Safe
UPIEA2B5EB77F08,2023-07-07 11:26:47,User_5074,User_7711,4296.05,Lucknow,11,Safe
UPI8F9CB29F4A67,2023-10-14 11:58:00,User_1031,User_9606,5167.91,Ahmedabad,11,Safe
UPI0DB8E7183BE8,2023-09-23 11:31:03,User_1564,User_7367,8395.67,Pune,11,Safe
UPIEB6CBCA599A0,2023-10-20 07:42:39,User_4742,User_8612,6219.93,Hyderabad,7,Safe
UPIFB4F16439CAC,2023-07-04 11:20:57,User_2344,User_3912,573.65,Kolkata,11,Safe
UPI2EEB733353FD,2023-11-27 07:46:00,User_2496,User_6627,637.1,Hyderabad,7,Safe
UPI3CBEC8CEC4C9,2023-02-21 09:22:45,User_5127,User_3260,3874.41,Lucknow,9,Safe
UPIECD58957AB05,2023-07-11 14:24:40,User_1179,User_1282,7431.25,Jaipur,14,Safe
UPIDE22C22BB04F,2023-10-16 22:10:34,User_5880,User_5477,2570.84,Hyderabad,22,Safe
UPIB130EA44D9B4,2023-05-07 20:55:12,User_5631,User_7609,1305.13,Ahmedabad,20,Safe
UPI44CB3C0E7AEB,2023-03-26 10:25:50,User_4141,User_6799,2907.54,Delhi,10,Safe
UPI8EA27B733F52,2023-05-18 07:55:01,User_9415,User_3453,2065.67,Delhi,7,Safe
UPI1C1D05E990C1,2023-06-29 10:23:57,User_4088,User_3100,8090.81,Hyderabad,10,Safe
UPI201C47B134C9,2023-02-20 08:50:44,User_3070,User_8468,5459.89,Lucknow,8,Safe
UPIACC3BF68174A,2023-03-17 11:01:15,User_4886,User_8196,6697.94,Pune,11,Safe
UPI01F1C4EDDF8A,2023-03-17 16:28:06,User_5288,User_9627,2189.97,Mumbai,16,Safe
UPI011003913674,2023-10-26 21:11:34,User_3020,User_4458,2298.69,Mumbai,21,Safe
UPIE8C85FF7D772,2023-02-19 07:43:32,User_2697,User_1568,9463.95,Ahmedabad,7,Safe
UPIA4BB59E151D0,2023-04-23 08:57:12,User_5521,User_3353,7008.79,Jaipur,8,Safe
UPI1A8FF016CC3C,2023-04-15 12:43:23,User_2102,User_8107,3202.63,Kolkata,12,Safe
UPIC5EB4D7D0E74,2023-10-27 06:00:21,User_6222,User_3536,2714.13,Jaipur,6,Safe
UPI19B98E469484,2023-10-01 19:30:31,User_4982,User_6342,9264.91,Kolkata,19,Safe
UPI55C4352676F8,2023-05-28 04:11:18,User_1480,User_2369,169016.32,Chennai,4,High Risk (Amount Outlier)
UPID9B1DC072897,2023-02-11 10:48:37,User_2388,User_6181,5368.72,Chennai,10,Safe
UPI2EAA1666340F,2023-08-29 19:15:19,User_1772,User_3438,1803.74,Lucknow,19,Safe
UPIA227DA7A0A6A,2023-02-27 06:56:18,User_9327,User_9622,9107.07,Bangalore,6,Safe
UPI1221E531C78C,2023-05-28 22:45:07,User_5274,User_7127,278.52,Pune,22,Safe
UPI92D605703E55,2023-07-22 12:51:01,User_4506,User_6037,241.63,Lucknow,12,Safe
UPI75713562EC1E,2023-08-19 02:35:56,User_7255,User_5297,128542.7,Hyderabad,2,High Risk (Amount Outlier)
UPI2835FC3F65C1,2023-07-26 12:57:44,User_4112,User_2160,4490.34,Bangalore,12,Safe
UPID8D987750506,2023-05-30 18:48:56,User_9566,User_3242,9549.64,Jaipur,18,Safe
UPIE83D03FAC739,2023-11-09 21:44:53,User_9478,User_6555,71.41,Hyderabad,21,Safe
UPIE0096CDF5B94,2023-06-26 07:50:24,User_8526,User_5181,904.46,Kolkata,7,Safe
UPIBCCCED106266,2023-06-01 23:17:38,User_3056,User_1496,2198.88,Bangalore,23,Safe
UPI2A27E03DA278,2023-02-25 09:23:21,User_1796,User_8552,4351.79,Mumbai,9,Safe
UPI704480BE00CF,2023-06-01 10:32:43,User_5315,User_6063,8596.92,Ahmedabad,10,Safe
UPI3462E2C004D5,2023-03-31 13:03:24,User_4177,User_1665,4218.03,Lucknow,13,Safe
UPIA87BE22CCF77,2023-04-30 11:41:12,User_5972,User_1602,5659.39,Pune,11,Safe
UPIF435FB0007D5,2023-04-02 08:10:21,User_8677,User_5767,6789.43,Hyderabad,8,Safe
UPIAB0924607229,2023-11-22 18:51:59,User_5401,User_5192,5561.75,Jaipur,18,Safe
UPIC2058B570D5A,2023-07-27 06:29:01,User_1075,User_5121,6356.06,Kolkata,6,Safe
UPI59688CF0D9E1,2023-04-19 13:29:11,User_6749,User_7384,6898.66,Hyderabad,13,Safe
UPIF4B82577F068,2023-06-17 09:26:25,User_5439,User_3262,7076.43,Chennai,9,Safe
UPID1C501C49BC2,2023-09-01 16:04:39,User_3159,User_3574,1396.04,Mumbai,16,Safe
UPI639D89B68929,2023-04-13 06:45:55,User_2507,User_3034,7990.98,Lucknow,6,Safe
UPI824FA8A65CD4,2023-06-28 18:15:56,User_1218,User_1428,815.04,Lucknow,18,Safe
UPI32D106500C66,2023-03-23 15:15:58,User_3988,User_8195,7920.28,Kolkata,15,Safe
UPIE53C750E622E,2023-12-26 20:47:27,User_3770,User_7107,5490.87,Mumbai,20,Safe
UPI7F0D3DA028F9,2023-08-04 21:17:31,User_1607,User_4943,2591.13,Jaipur,21,Safe
UPI894CC2B4B0BE,2023-05-09 13:06:24,User_5819,User_4152,6054.49,Delhi,13,Safe
UPI926F827D92E6,2023-08-07 17:55:14,User_7343,User_7435,3539.97,Kolkata,17,Safe
UPICB3F58BCA2A5,2023-08-11 12:00:29,User_8245,User_9473,2160.65,Kolkata,12,Safe
UPIB20CB32F3EB4,2023-02-22 14:44:08,User_2689,User_5386,6869.99,Jaipur,14,Safe
UPI7047996E50CC,2023-06-04 16:40:14,User_9504,User_8327,3303.71,Delhi,16,Safe
UPI6A659A72CA84,2023-10-12 23:27:14,User_1164,User_4668,8912.47,Bangalore,23,Safe
UPIC845E744C9D9,2023-01-23 10:10:55,User_3360,User_3730,7263.34,Kolkata,10,Safe
UPI41389273D3B2,2023-11-14 06:22:07,User_6416,User_8079,1731.21,Bangalore,6,Safe
UPIEA416459B461,2023-06-04 14:37:25,User_4981,User_7008,2385.03,Pune,14,Safe
UPI7B1C6FCA4669,2023-05-18 10:48:41,User_3825,User_7269,6754.74,Pune,10,Safe
UPI4EA146450B9B,2023-04-30 17:41:21,User_8397,User_8756,8744.23,Chennai,17,Safe
UPI1A17CD8EF12B,2023-06-01 11:04:56,User_4015,User_8589,7276.42,Mumbai,11,Safe
UPIF61693A75719,2023-07-16 15:16:33,User_4972,User_1890,5838.97,Lucknow,15,Safe
UPI00E10046C091,2023-05-01 07:58:29,User_5010,User_6968,236.0,Delhi,7,Safe
UPI5F69ACE4900A,2023-10-15 22:35:49,User_3903,User_4727,7284.08,Delhi,22,Safe
UPI0D7222F91A4A,2023-08-24 14:00:28,User_9989,User_5048,973.92,Lucknow,14,Safe
UPI56E9FBF92890,2023-06-19 20:26:08,User_1467,User_7401,9187.93,Hyderabad,20,Safe
UPI965DC228FD99,2023-03-15 13:49:12,User_2826,User_6494,9413.74,Bangalore,13,Safe
UPIEDE19520238C,2023-06-23 12:52:15,User_7431,User_5304,3055.48,Delhi,12,Safe
UPI7E0CC1CD5A54,2023-07-10 08:12:43,User_5066,User_3205,3096.57,Jaipur,8,Safe
UPI2A944CF17CA0,2023-09-26 22:53:59,User_8036,User_7056,2846.18,Chennai,22,Safe
UPI9A7169391F0A,2023-07-30 13:25:24,User_1375,User_5873,1940.08,Kolkata,13,Safe
UPID0BE608368FE,2023-08-18 16:09:15,User_4140,User_3880,2691.34,Delhi,16,Safe
UPIC5A2CB072BD6,2023-07-24 11:52:52,User_3225,User_8448,3637.92,Bangalore,11,Safe
UPIC73AD06237AE,2023-09-03 16:44:20,User_7592,User_6792,9310.49,Mumbai,16,Safe
UPI1710DB97A48A,2023-01-26 20:24:51,User_2901,User_4488,1183.08,Ahmedabad,20,Safe
UPI9D2ED786803B,2023-12-15 10:10:04,User_2284,User_4314,6885.21,Jaipur,10,Safe
UPI6A8AD11812AB,2023-06-02 17:30:21,User_6861,User_2605,7814.56,Pune,17,Safe
UPI56A9D188CA52,2023-07-01 03:16:38,User_4464,User_2389,130998.06,Bangalore,3,High Risk (Amount Outlier)
UPI3B0BCD0318B2,2023-03-07 10:00:40,User_8220,User_8343,3809.34,Ahmedabad,10,Safe
UPIEB785DC748E5,2023-03-18 20:36:38,User_3771,User_9360,7965.9,Ahmedabad,20,Safe
UPI9FF6972D2872,2023-11-28 21:32:13,User_1851,User_4857,9355.73,Pune,21,Safe
UPI186FF6E24C40,2023-02-19 22:46:01,User_6606,User_1151,6521.31,Delhi,22,Safe
UPI6E7D4E634475,2023-04-27 15:47:56,User_7623,User_5780,1996.07,Hyderabad,15,Safe
UPI65CB51FB77E3,2023-10-02 12:06:33,User_9386,User_6635,586.45,Hyderabad,12,Safe
UPI362034754C7E,2023-08-28 12:32:17,User_5300,User_9667,8593.45,Ahmedabad,12,Safe
UPID25F7F4856F7,2023-12-20 06:32:06,User_3052,User_6976,1104.05,Kolkata,6,Safe
UPI8450257B4CF1,2023-10-13 18:15:59,User_1286,User_4849,8986.77,Lucknow,18,Safe
UPIA990A9ED22D6,2023-01-27 09:46:22,User_9760,User_4702,5178.52,Lucknow,9,Safe
UPIBC2E6323BAAF,2023-02-20 06:35:00,User_3356,User_4197,462.94,Lucknow,6,Safe
UPIB308C28967BA,2023-06-04 08:04:41,User_3908,User_9990,6306.6,Jaipur,8,Safe
UPIC930BEE0DFD9,2023-02-12 19:37:43,User_4675,User_9316,3214.35,Ahmedabad,19,Safe
UPI2C46124EEDE1,2023-11-03 07:32:42,User_8637,User_2424,6450.16,Kolkata,7,Safe
UPI76CA1E4D36E2,2023-09-23 10:08:23,User_8288,User_6781,6738.02,Chennai,10,Safe
UPIF0B4F988F0C6,2023-06-08 08:25:33,User_2961,User_8640,9378.33,Mumbai,8,Safe
UPI4AA0C98A0CB8,2023-05-12 20:58:37,User_7623,User_6802,2488.61,Hyderabad,20,Safe
UPI8F09CE41403C,2023-04-29 13:49:25,User_7486,User_8993,2969.03,Delhi,13,Safe
UPI990A28FB47BC,2023-03-27 16:16:12,User_6139,User_5937,2174.43,Pune,16,Safe
UPIA38B95368D69,2023-10-11 10:20:56,User_2147,User_1145,8260.84,Lucknow,10,Safe
UPIC716A2D72EB1,2023-05-02 23:04:45,User_1003,User_5200,7095.08,Chennai,23,Safe
UPIBFE696451ADE,2023-08-07 20:10:32,User_8451,User_8796,59.45,Bangalore,20,Safe
UPIAE0A5DD9EA8F,2023-02-24 22:46:06,User_1901,User_4431,405.84,Hyderabad,22,Safe
UPIE310728D34B3,2023-09-12 19:02:54,User_8083,User_5832,5475.87,Bangalore,19,Safe
UPIC379D8DDD811,2023-08-16 14:52:11,User_7555,User_7040,1269.41,Pune,14,Safe
UPI0238A9FBA847,2023-02-14 12:34:27,User_3200,User_5888,5636.34,Delhi,12,Safe
UPI15B367D2EA7A,2023-07-05 23:38:14,User_7779,User_4869,97.18,Chennai,23,Safe
UPIE1EF831D4F8D,2023-01-25 17:46:21,User_9733,User_7358,8285.69,Delhi,17,Safe
UPI8E86E1301BA6,2023-09-18 22:50:44,User_2541,User_3421,657.39,Delhi,22,Safe
UPI0AB4C65907DF,2023-09-07 15:32:12,User_8105,User_2313,4268.58,Pune,15,Safe
UPIF0D914A325C8,2023-05-14 10:33:49,User_1606,User_4310,8136.74,Kolkata,10,Safe
UPI59BC2671DDE2,2023-02-02 08:46:08,User_6639,User_3821,7986.58,Hyderabad,8,Safe
UPIC57DB6B771A7,2023-10-30 23:27:24,User_7163,User_5241,904.87,Lucknow,23,Safe
UPI497690533EE0,2023-05-27 13:23:17,User_2722,User_6250,2684.64,Kolkata,13,Safe
UPIA7F4DC6EC03B,2023-11-12 23:56:04,User_1113,User_2737,6852.18,Jaipur,23,Safe
UPI4C6E004490B9,2023-02-10 06:40:23,User_2136,User_2706,8254.6,Lucknow,6,Safe
UPI0A63C85B5E40,2023-07-26 11:16:39,User_7457,User_8974,147.15,Mumbai,11,Safe
UPIBC6CB4A2A06B,2023-06-08 11:42:53,User_7419,User_1783,5607.31,Lucknow,11,Safe
UPI8A49300DF45D,2023-04-27 20:08:29,User_6012,User_2551,6032.05,Kolkata,20,Safe
UPICC95ED1D67F2,2023-09-04 09:01:59,User_8419,User_5533,7920.16,Kolkata,9,Safe
UPIC588A37DF488,2023-04-03 23:20:31,User_6837,User_3491,9900.49,Jaipur,23,Safe
UPIEF85DE154C10,2023-02-27 02:02:18,User_1187,User_4945,202378.03,Chennai,2,High Risk (Amount Outlier)
UPIE6F2F5D590BA,2023-10-12 14:36:32,User_6689,User_2912,3552.31,Ahmedabad,14,Safe
UPI4803946FE951,2023-03-19 14:07:19,User_7565,User_8138,1263.45,Pune,14,Safe
UPID5C5FC818532,2023-06-16 13:34:01,User_7348,User_6636,2069.96,Hyderabad,13,Safe
UPI06CC1CBA544B,2023-11-18 17:09:19,User_7193,User_6815,4763.1,Ahmedabad,17,Safe
UPIA27F58ABE304,2023-01-14 11:47:42,User_1383,User_5718,9237.72,Hyderabad,11,Safe
UPIA18F238734F1,2023-12-28 22:18:05,User_8404,User_8451,6175.04,Mumbai,22,Safe
UPI90AC44A17DDA,2023-01-10 08:47:53,User_4279,User_6720,8375.36,Pune,8,Safe
UPI9AF526D441FF,2023-11-14 16:25:37,User_2046,User_2065,1569.54,Pune,16,Safe
UPICD1292545872,2023-05-09 12:56:16,User_4158,User_6856,5563.04,Pune,12,Safe
UPI65E717C5FF96,2023-10-06 11:53:12,User_7287,User_5856,2021.9,Jaipur,11,Safe
UPI229B9F738F3B,2023-01-13 16:30:36,User_5433,User_6341,2948.37,Lucknow,16,Safe
UPI3EBE679D9B8F,2023-08-27 15:23:40,User_6971,User_6475,2974.84,Delhi,15,Safe
UPI89F54DB876D1,2023-05-15 20:52:35,User_2548,User_5359,8435.69,Hyderabad,20,Safe
UPI2083FA86838C,2023-12-25 08:56:01,User_8787,User_9215,5978.52,Ahmedabad,8,Safe
UPI9A63A977BB58,2023-09-01 16:41:46,User_8213,User_2494,4161.27,Ahmedabad,16,Safe
UPI101C03602BBB,2023-03-09 18:11:13,User_9761,User_7701,2812.92,Hyderabad,18,Safe
UPIF8B5997C05F7,2023-07-12 23:49:18,User_7177,User_2909,719.76,Bangalore,23,Safe
UPI0AB59D77C24C,2023-08-10 02:45:27,User_2522,User_4334,179554.48,Bangalore,2,High Risk (Amount Outlier)
UPI09C22D665CA9,2023-05-26 10:40:44,User_4561,User_4491,8395.76,Mumbai,10,Safe
UPI26B8EC4F5BE3,2023-03-26 23:16:50,User_3513,User_7631,353.19,Bangalore,23,Safe
UPI45AD7A3077E6,2023-07-11 07:19:32,User_8068,User_6757,585.74,Bangalore,7,Safe
UPI185230465FE4,2023-07-31 15:45:23,User_4217,User_2494,6953.99,Ahmedabad,15,Safe
UPI672FCC3A28E4,2023-08-03 15:09:20,User_2563,User_8469,5586.91,Ahmedabad,15,Safe
UPIF6A2348FDA0C,2023-12-23 14:18:59,User_8120,User_7288,5185.6,Bangalore,14,Safe
UPI6AAA1EA1B93E,2023-10-16 19:42:15,User_2831,User_5200,8777.37,Jaipur,19,Safe
UPI81BDE20F70CF,2023-05-07 02:46:42,User_6432,User_9279,85869.78,Delhi,2,High Risk (Amount Outlier)
UPI7D5E1868ADAA,2023-04-20 08:50:01,User_2971,User_9677,3265.69,Kolkata,8,Safe
UPI796264D62BBE,2023-07-07 06:47:51,User_8715,User_7497,5048.03,Delhi,6,Safe
UPI114F8FEA0CA8,2023-03-29 08:02:27,User_6858,User_9766,8929.75,Lucknow,8,Safe
UPID821B45597FD,2023-04-30 20:06:21,User_9905,User_8809,5124.43,Pune,20,Safe
UPI470DB701C1BA,2023-01-10 12:40:05,User_5837,User_2309,1364.7,Lucknow,12,Safe
UPIC4196D89931F,2023-11-04 04:48:52,User_4738,User_5177,178451.25,Bangalore,4,High Risk (Amount Outlier)
UPIE5A22304B802,2023-07-05 08:40:52,User_6588,User_7541,8363.23,Bangalore,8,Safe
UPI0948C88038AC,2023-08-08 10:33:07,User_6208,User_2891,2486.6,Lucknow,10,Safe
UPI92F3A9010142,2023-11-05 16:09:34,User_2826,User_5161,9553.02,Ahmedabad,16,Safe
UPIA7217D425B16,2023-12-08 23:18:03,User_9370,User_3338,7454.74,Mumbai,23,Safe
UPIA7959A91CF0C,2023-05-02 23:50:15,User_4458,User_9989,7655.85,Ahmedabad,23,Safe
UPIB09C5994CB47,2023-10-03 01:36:02,User_2772,User_3752,441180.81,Bangalore,1,High Risk (Amount Outlier)
UPI82696A19CDAA,2023-07-27 06:42:29,User_6014,User_5674,1499.23,Kolkata,6,Safe
UPICC1DFF57ECD0,2023-01-18 11:31:20,User_1463,User_3015,6563.85,Pune,11,Safe
UPIF90C1B46A87B,2023-08-10 15:55:11,User_4158,User_9062,3501.2,Kolkata,15,Safe
UPI449115EE45E7,2023-09-20 22:11:30,User_6616,User_8730,34.76,Jaipur,22,Safe
UPIA9C985724BD4,2023-08-29 13:19:54,User_4616,User_2789,4589.29,Jaipur,13,Safe
UPI2400A38EA10E,2023-07-28 21:12:42,User_2410,User_9070,2126.46,Bangalore,21,Safe
UPIDBC9F4179D92,2023-03-25 23:50:23,User_6979,User_1316,9651.36,Mumbai,23,Safe
UPI8B38F7A9ABC2,2023-10-03 07:17:53,User_3795,User_2926,9698.94,Delhi,7,Safe
UPI18CA206FD758,2023-02-07 02:41:35,User_3806,User_1611,178465.99,Mumbai,2,High Risk (Amount Outlier)
UPI946A1D19FFE5,2023-02-02 23:55:43,User_3312,User_1346,6182.21,Ahmedabad,23,Safe
UPI46A186BE450A,2023-01-26 10:51:02,User_3864,User_1058,1120.62,Bangalore,10,Safe
UPI4914949009A9,2023-07-02 19:46:50,User_5539,User_7037,719.62,Hyderabad,19,Safe
UPI0841C5E7D6A8,2023-09-10 09:11:27,User_8258,User_7460,2747.12,Pune,9,Safe
UPICFF485C2BCD1,2023-11-18 12:49:24,User_9989,User_3834,9624.63,Pune,12,Safe
UPIBC77760D0F49,2023-08-26 09:26:54,User_4358,User_8142,3162.88,Ahmedabad,9,Safe
UPI76DE615F49C6,2023-03-19 03:30:34,User_2562,User_8160,298177.28,Delhi,3,High Risk (Amount Outlier)
UPI3C6E0241EB01,2023-01-15 19:30:22,User_4145,User_2414,7675.15,Bangalore,19,Safe
UPI573E65979E62,2023-06-09 09:00:31,User_6116,User_3146,8145.77,Pune,9,Safe
UPI8A3EF2EFEC32,2023-04-01 14:15:37,User_9391,User_8916,6028.34,Chennai,14,Safe
UPIAAAB3DA9C824,2023-10-30 17:29:55,User_4799,User_6117,5281.65,Delhi,17,Safe
UPI4A626F5C421A,2023-08-21 23:56:09,User_9426,User_4754,7188.92,Jaipur,23,Safe
UPIFC51916E4AB5,2023-08-10 08:17:03,User_7768,User_6833,1024.81,Hyderabad,8,Safe
UPI842816D9E1DB,2023-03-23 19:04:27,User_3276,User_5141,9546.63,Chennai,19,Safe
UPI38F97BC58277,2023-07-15 11:24:58,User_3993,User_3615,3381.22,Ahmedabad,11,Safe
UPI2572600A41C0,2023-06-29 11:52:01,User_9317,User_5987,6253.64,Bangalore,11,Safe
UPI920CC0DEE832,2023-12-20 06:32:08,User_1893,User_5892,1881.46,Mumbai,6,Safe
UPIB14F8FE3A5E8,2023-08-13 14:53:07,User_5917,User_7138,2503.27,Kolkata,14,Safe
UPI6B6F70B0D25B,2023-05-12 20:48:08,User_1073,User_9547,6229.77,Delhi,20,Safe
UPI92861F1DB2B5,2023-02-18 06:34:43,User_3942,User_8326,6120.81,Jaipur,6,Safe
UPI9C0087A2346A,2023-08-24 08:21:38,User_5754,User_5620,9778.5,Mumbai,8,Safe
UPIBF28023006FA,2023-07-16 08:56:22,User_9249,User_3181,1313.9,Bangalore,8,Safe
UPI940093A0B931,2023-02-20 12:42:39,User_5624,User_6598,9451.17,Mumbai,12,Safe
UPI35371580A918,2023-06-19 10:16:58,User_8466,User_7887,433.47,Delhi,10,Safe
UPIDBBA423C1D14,2023-03-30 21:20:10,User_3057,User_9959,3038.7,Bangalore,21,Safe
UPI933B84BE7252,2023-09-29 06:03:08,User_5053,User_7484,6452.04,Bangalore,6,Safe
UPIA2A970DBBE3E,2023-12-12 20:45:35,User_1046,User_2799,5129.93,Bangalore,20,Safe
UPI576729E5A8A8,2023-06-04 22:19:52,User_6197,User_5768,5035.89,Kolkata,22,Safe
UPIB0B259C68B9F,2023-04-29 14:47:13,User_2091,User_4528,1316.05,Mumbai,14,Safe
UPI115FD2F10CDD,2023-12-09 14:51:42,User_2474,User_1292,530.11,Lucknow,14,Safe
UPI654F18F92472,2023-12-26 06:33:13,User_6220,User_1792,6658.21,Lucknow,6,Safe
UPI17B0BA81D39B,2023-11-30 17:01:14,User_8306,User_2090,8794.04,Hyderabad,17,Safe
UPI0B2AD03D38D5,2023-07-17 06:58:10,User_4326,User_6177,9214.68,Lucknow,6,Safe
UPI6C9E3F730171,2023-07-16 12:43:20,User_4968,User_3415,4330.9,Jaipur,12,Safe
UPID5B36E0D30D0,2023-06-29 09:19:00,User_7369,User_1340,5783.31,Pune,9,Safe
UPIA237CB4B327D,2023-04-25 18:42:44,User_5262,User_4706,2022.82,Mumbai,18,Safe
UPIB612F34E7B38,2023-08-02 06:29:35,User_2178,User_8232,5702.33,Pune,6,Safe
UPI5E8AA7BB329D,2023-10-22 12:57:15,User_7775,User_6567,7484.89,Delhi,12,Safe
UPI21CC5E3DF464,2023-10-04 04:44:49,User_2085,User_2664,444458.67,Mumbai,4,High Risk (Amount Outlier)
UPICF322439FB1B,2023-05-05 21:08:46,User_8761,User_5950,1635.45,Pune,21,Safe
UPI14BFF3E174D0,2023-01-02 02:27:37,User_7626,User_1067,50137.52,Ahmedabad,2,High Risk (Amount Outlier)
UPI2F4C83EEDE5C,2023-11-29 06:25:49,User_4077,User_4219,3416.87,Mumbai,6,Safe
UPI93CAA100B707,2023-02-06 10:59:30,User_9079,User_9544,7466.41,Hyderabad,10,Safe
UPI840BF7593926,2023-10-16 22:08:08,User_4409,User_2824,4287.97,Lucknow,22,Safe
UPIF78E52DDB478,2023-01-17 19:34:56,User_3765,User_4921,6488.71,Jaipur,19,Safe
UPI9C1B97CAE920,2023-02-13 03:59:55,User_9803,User_4214,392235.9,Bangalore,3,High Risk (Amount Outlier)
UPIF4386DFE0AC7,2023-05-20 09:15:57,User_9790,User_5872,6271.64,Pune,9,Safe
UPIA925151ECC19,2023-09-18 14:16:00,User_7394,User_5061,2316.04,Hyderabad,14,Safe
UPI30563E8B3BAB,2023-11-13 14:36:55,User_2922,User_7078,8378.73,Jaipur,14,Safe
UPIF786522038C7,2023-02-15 08:01:10,User_3584,User_8983,215.79,Delhi,8,Safe
UPI5F3C12EC5889,2023-03-19 18:22:30,User_7373,User_4814,9678.43,Hyderabad,18,Safe
UPIE96147D71E16,2023-05-29 13:55:05,User_2458,User_2633,5725.95,Delhi,13,Safe
UPI50243865E7CC,2023-01-23 09:38:15,User_8700,User_6159,307.74,Kolkata,9,Safe
UPI2F2769947F05,2023-06-18 13:30:28,User_7171,User_9700,9543.47,Chennai,13,Safe
UPI5BB0BC3DEF10,2023-10-22 10:27:14,User_1344,User_6641,3717.33,Hyderabad,10,Safe
UPI4312840F39B4,2023-06-04 10:51:50,User_9783,User_8479,4371.66,Ahmedabad,10,Safe
UPI7BDC5F5F5B56,2023-01-12 20:14:02,User_5157,User_6742,7280.99,Chennai,20,Safe
UPIC2B4A894F2D6,2023-09-07 19:10:24,User_3159,User_8286,1762.15,Hyderabad,19,Safe
UPIA9F1238A99DA,2023-04-28 17:09:11,User_7380,User_3796,3881.46,Lucknow,17,Safe
UPI09FC2B4FD047,2023-12-15 21:10:24,User_1326,User_6297,4831.41,Hyderabad,21,Safe
UPI1A70B9861F6A,2023-07-14 09:19:56,User_7749,User_8918,3533.01,Kolkata,9,Safe
UPI469FF3FEFF7C,2023-07-17 19:18:20,User_4728,User_3044,5292.61,Pune,19,Safe
UPIC20BA2497AD4,2023-01-26 14:00:10,User_9763,User_8067,9837.81,Mumbai,14,Safe
UPIA9F073A944E8,2023-03-04 06:51:52,User_5905,User_9439,9524.49,Hyderabad,6,Safe
UPI2C508A60768B,2023-04-26 06:42:09,User_5015,User_3561,5323.87,Kolkata,6,Safe
UPIDE32DBA1347C,2023-04-10 20:46:12,User_1461,User_7934,7188.31,Chennai,20,Safe
UPI0D507DB23C3B,2023-04-02 08:21:40,User_3316,User_9054,6846.97,Ahmedabad,8,Safe
UPI93F79ACE1C92,2023-07-24 17:42:02,User_8346,User_3881,7598.31,Chennai,17,Safe
UPIF35CD1B45A69,2023-01-21 22:39:22,User_1022,User_1249,4389.79,Lucknow,22,Safe
UPI624B420EBEF3,2023-07-29 19:08:47,User_2321,User_4313,6797.93,Delhi,19,Safe
UPI2337A492FA20,2023-11-26 21:25:12,User_2142,User_9698,1639.4,Chennai,21,Safe
UPI8A7446142373,2023-04-15 09:04:51,User_9454,User_1871,1885.86,Hyderabad,9,Safe
UPI3899E10199B3,2023-08-10 22:48:51,User_4521,User_5988,2311.5,Kolkata,22,Safe
UPIC60E1D437432,2023-01-03 18:13:32,User_8989,User_6991,6622.32,Hyderabad,18,Safe
UPIF5C2B31526D5,2023-11-16 18:33:36,User_3097,User_8782,6889.32,Bangalore,18,Safe
UPI03C00F6858BA,2023-06-25 03:19:59,User_6106,User_6337,131083.3,Delhi,3,High Risk (Amount Outlier)
UPIB7347F5755E3,2023-01-31 14:56:04,User_8332,User_6614,9210.08,Chennai,14,Safe
UPI8B0236177B08,2023-12-29 21:13:21,User_5285,User_8513,5656.07,Ahmedabad,21,Safe
UPI877BAEEB273F,2023-01-04 02:35:17,User_3878,User_2570,212106.63,Kolkata,2,High Risk (Amount Outlier)
UPIFB3C960E40D8,2023-02-13 14:21:41,User_4710,User_5713,1170.2,Hyderabad,14,Safe
UPIE8EF169529FF,2023-10-14 10:55:26,User_5167,User_3613,4953.25,Pune,10,Safe
UPI4F7D8CF9B06A,2023-10-31 19:00:01,User_3141,User_2411,1657.85,Pune,19,Safe
UPI42BB50B88E9E,2023-09-19 14:45:17,User_3836,User_8391,4753.96,Ahmedabad,14,Safe
UPIFBC3EC087E30,2023-08-15 19:44:26,User_9649,User_1195,1674.96,Pune,19,Safe
UPI57D615D275D9,2023-01-27 22:58:46,User_9778,User_8847,6913.79,Bangalore,22,Safe
UPIEFE559C008A7,2023-06-07 19:04:32,User_8453,User_7266,6002.94,Kolkata,19,Safe
UPIA9A1A83635D7,2023-05-17 23:18:51,User_6935,User_4234,2720.11,Ahmedabad,23,Safe
UPIBDCDB9200BEC,2023-09-23 20:36:05,User_2320,User_6533,8643.46,Pune,20,Safe
UPI86A58D585866,2023-11-05 21:43:28,User_3265,User_1264,8959.03,Kolkata,21,Safe
UPI20D0530A0E99,2023-07-12 06:19:41,User_6127,User_6593,6266.09,Kolkata,6,Safe
UPI52E59892F2C9,2023-11-30 22:47:35,User_2373,User_2556,5801.25,Hyderabad,22,Safe
UPI7B754BC2F04D,2023-06-27 23:47:24,User_4915,User_9218,8260.24,Delhi,23,Safe
UPIA84099129A32,2023-08-22 23:00:09,User_5652,User_1465,1505.5,Pune,23,Safe
UPIAAF0255A0EBB,2023-12-07 13:27:20,User_9291,User_3184,3434.79,Lucknow,13,Safe
UPI9BBEA11C6DD3,2023-12-28 14:35:48,User_7863,User_2523,5948.02,Jaipur,14,Safe
UPI25A9F3CFB930,2023-09-24 22:02:09,User_5622,User_5760,9270.57,Chennai,22,Safe
UPI184F89A0BEE3,2023-06-22 17:34:14,User_1992,User_1532,1421.21,Jaipur,17,Safe
UPI298A5211BCF4,2023-07-05 06:30:58,User_3968,User_3136,3315.39,Kolkata,6,Safe
UPI2167C0C49019,2023-10-02 21:51:39,User_8073,User_4610,4373.51,Lucknow,21,Safe
UPIB23BCE9DCA31,2023-05-05 22:50:47,User_9451,User_3682,9395.83,Hyderabad,22,Safe
UPIEE19C39182F8,2023-12-04 14:40:20,User_9002,User_9809,5102.51,Pune,14,Safe
UPIAC8279918924,2023-10-21 07:43:25,User_1838,User_2638,3827.45,Bangalore,7,Safe
UPID4248EA92854,2023-01-18 20:53:34,User_2542,User_1996,9849.54,Delhi,20,Safe
UPIFE835BE92B8D,2023-12-01 23:21:20,User_3310,User_2375,1114.66,Delhi,23,Safe
UPIB8BBBA6DEA98,2023-01-27 17:03:38,User_9056,User_2111,4364.88,Mumbai,17,Safe
UPIC2F5A8A2F81D,2023-02-11 06:54:05,User_8930,User_6749,2174.39,Pune,6,Safe
UPI60206374E4BE,2023-11-27 10:16:56,User_3382,User_5188,1725.42,Kolkata,10,Safe
UPIA696F3E5EF14,2023-10-17 10:50:37,User_9683,User_7505,9675.19,Ahmedabad,10,Safe
UPIB54B6773E48D,2023-05-16 14:06:37,User_6646,User_7610,469.56,Pune,14,Safe
UPI422E5C05EE42,2023-12-27 18:44:55,User_1948,User_3133,7287.75,Delhi,18,Safe
UPI56DA4EF4CF75,2023-07-28 12:23:33,User_9609,User_7677,3957.8,Jaipur,12,Safe
UPI35BED278C2C8,2023-08-24 17:12:29,User_5754,User_8461,162.38,Jaipur,17,Safe
UPI09F45E1C0CED,2023-06-16 17:31:21,User_8969,User_2899,1262.97,Hyderabad,17,Safe
UPI41BE8C84FBF1,2023-10-06 21:15:34,User_1987,User_3919,3085.78,Hyderabad,21,Safe
UPIC2C4791361FF,2023-11-12 16:44:27,User_4291,User_9646,2020.57,Mumbai,16,Safe
UPID6D75B6EBD95,2023-02-19 07:42:31,User_6373,User_6009,7672.61,Chennai,7,Safe
UPI8F08CD725FEC,2023-01-10 21:23:06,User_7361,User_1062,9854.19,Pune,21,Safe
UPIC54E019AACD0,2023-05-12 06:45:23,User_7103,User_7723,9653.09,Ahmedabad,6,Safe
UPIF50CC59DAF95,2023-08-10 11:28:28,User_9716,User_3809,4706.0,Pune,11,Safe
UPI6CB3A0DFBA08,2023-09-03 12:23:07,User_8271,User_2430,6881.59,Jaipur,12,Safe
UPI039F92355B2B,2023-11-24 22:30:47,User_7504,User_6252,6770.99,Delhi,22,Safe
UPIA9801287E1FD,2023-02-21 12:39:35,User_9997,User_4526,3679.28,Bangalore,12,Safe
UPI80260CA424FB,2023-02-18 18:17:31,User_2789,User_9655,5098.56,Delhi,18,Safe
UPIF3022F4A9C0B,2023-02-04 09:03:56,User_1223,User_4518,9173.82,Ahmedabad,9,Safe
UPIB759D5F088C9,2023-03-15 17:55:39,User_1448,User_4191,2909.77,Hyderabad,17,Safe
UPI4A58E67F8EFF,2023-01-08 23:09:35,User_5850,User_3422,9112.32,Chennai,23,Safe
UPI28E078BBE1DF,2023-03-26 21:44:14,User_2260,User_3968,2477.5,Chennai,21,Safe
UPI3D041EE34557,2023-02-19 06:43:21,User_6063,User_8179,6847.54,Bangalore,6,Safe
UPI1BDCC7A0E220,2023-05-07 03:25:56,User_1845,User_5555,220843.11,Jaipur,3,High Risk (Amount Outlier)
UPI61DE10E259E6,2023-02-23 07:57:46,User_1605,User_6362,8294.73,Jaipur,7,Safe
UPID95996A85E92,2023-10-01 15:23:50,User_3392,User_4989,4443.32,Lucknow,15,Safe
UPI4DEE6F3F0BF7,2023-01-05 18:08:24,User_4925,User_4066,1029.19,Chennai,18,Safe
UPIDB16FCC9E0A5,2023-03-25 18:18:54,User_3512,User_9207,2276.87,Chennai,18,Safe
UPI9A528A9EF8FC,2023-07-29 03:49:34,User_3186,User_6277,448411.5,Ahmedabad,3,High Risk (Amount Outlier)
UPI709106C796C3,2023-05-14 18:34:37,User_3748,User_7503,2181.93,Bangalore,18,Safe
UPI49206E0D4B63,2023-08-15 06:03:41,User_4559,User_1821,2475.04,Mumbai,6,Safe
UPID9467365DAA3,2023-09-29 17:54:43,User_9714,User_8578,4820.18,Chennai,17,Safe
UPI7F905656FC41,2023-04-16 13:33:13,User_3174,User_5117,7595.63,Jaipur,13,Safe
UPI23A93597C915,2023-03-20 15:11:33,User_1218,User_9605,4596.22,Mumbai,15,Safe
UPI9734C11EFB7F,2023-04-26 04:19:33,User_8093,User_2528,471321.89,Mumbai,4,High Risk (Amount Outlier)
UPI5EA49A03F041,2023-03-15 17:05:55,User_5319,User_4112,2404.23,Pune,17,Safe
UPI31A1730475EA,2023-02-04 11:44:10,User_3097,User_8847,6691.11,Chennai,11,Safe
UPI946CF0BD6060,2023-04-28 15:12:22,User_5803,User_2009,6854.55,Bangalore,15,Safe
UPI62F16F6307A5,2023-02-08 10:57:08,User_4283,User_8518,6010.69,Chennai,10,Safe
UPIE542CB14C487,2023-07-30 09:30:35,User_3820,User_8116,2991.98,Pune,9,Safe
UPI91F54A585EFD,2023-06-02 16:17:34,User_9135,User_7916,9806.59,Jaipur,16,Safe
UPIC6A2A786247A,2023-06-10 21:37:51,User_3995,User_4336,5607.44,Delhi,21,Safe
UPIA37BE5E1570F,2023-01-16 15:27:08,User_7709,User_2745,3735.09,Mumbai,15,Safe
UPI2AC454779F7C,2023-12-14 11:06:43,User_7191,User_8331,4306.03,Delhi,11,Safe
UPIEEF15C58DF39,2023-08-01 17:08:13,User_1846,User_6040,1009.59,Jaipur,17,Safe
UPIC683733DCB5B,2023-10-03 06:12:23,User_2617,User_1440,7535.32,Kolkata,6,Safe
UPI6A1484DCCD40,2023-05-15 06:32:12,User_9571,User_6578,4052.88,Kolkata,6,Safe
UPIA54FD178C5C8,2023-04-17 01:33:45,User_3759,User_8124,63504.42,Kolkata,1,High Risk (Amount Outlier)
UPI5634669261DC,2023-06-13 17:24:36,User_4957,User_5326,4526.47,Ahmedabad,17,Safe
UPI438FD15CA124,2023-11-22 16:52:26,User_5897,User_8396,1814.17,Lucknow,16,Safe
UPIBB4377BD0FE0,2023-03-20 12:55:58,User_8979,User_8084,3149.23,Lucknow,12,Safe
UPI9BCB13B39180,2023-06-23 21:31:07,User_1018,User_1030,9594.53,Lucknow,21,Safe
UPI23C97CE763FA,2023-09-09 19:38:36,User_8793,User_9292,5758.25,Kolkata,19,Safe
UPIE1921036262A,2023-10-11 08:01:53,User_2476,User_9273,8657.53,Hyderabad,8,Safe
UPIC9C26A355AB9,2023-09-01 19:00:33,User_8142,User_5560,975.81,Kolkata,19,Safe
UPI7D83E86C2CA4,2023-01-27 22:43:54,User_9371,User_4047,973.13,Mumbai,22,Safe
UPI876A9596724B,2023-02-19 06:17:38,User_8776,User_1374,1180.97,Bangalore,6,Safe
UPIF797D2751DE4,2023-05-31 20:24:36,User_3772,User_2733,8078.93,Kolkata,20,Safe
UPIB02816F5B8DC,2023-05-25 15:29:05,User_1020,User_5984,4630.95,Kolkata,15,Safe
UPI9D3DA6FA24E5,2023-06-11 20:29:47,User_5833,User_4968,7489.99,Chennai,20,Safe
UPI0D25466F59BD,2023-06-04 14:57:23,User_6888,User_8769,3849.2,Kolkata,14,Safe
UPI151A0164B56A,2023-12-21 15:32:42,User_2673,User_3043,1307.24,Chennai,15,Safe
UPI2053AD1022FA,2023-01-21 07:36:16,User_4387,User_9842,5490.23,Ahmedabad,7,Safe
UPIE9D304C1EC12,2023-03-23 19:07:51,User_1762,User_8917,6485.7,Ahmedabad,19,Safe
UPI0DAC5E984A5C,2023-11-09 07:05:19,User_2737,User_5167,2968.35,Delhi,7,Safe
UPI7BB37D9096F0,2023-03-04 14:26:03,User_1363,User_5161,872.7,Ahmedabad,14,Safe
UPIF1FEC3C928A3,2023-04-13 20:43:53,User_8215,User_7988,5209.77,Hyderabad,20,Safe
UPI1590593F2B8E,2023-10-25 12:45:27,User_4628,User_5260,9401.94,Mumbai,12,Safe
UPI6F50920C4878,2023-04-14 19:39:46,User_1323,User_2320,2348.24,Hyderabad,19,Safe
UPI23B2788CFEAC,2023-04-05 22:15:06,User_9330,User_2344,2166.1,Chennai,22,Safe
UPI3B4AF6E36F98,2023-02-21 10:52:33,User_4486,User_9287,6288.62,Bangalore,10,Safe
UPIE527A16C6E76,2023-11-07 07:35:40,User_2050,User_4769,257.02,Mumbai,7,Safe
UPI33606578DFD4,2023-09-24 22:54:26,User_2011,User_2816,1744.76,Chennai,22,Safe
UPIC5691FC58F3D,2023-10-28 16:49:27,User_5797,User_9297,9922.79,Ahmedabad,16,Safe
UPI6B1E1871A74D,2023-05-03 07:27:18,User_3171,User_4900,3962.41,Hyderabad,7,Safe
UPIEC372754584F,2023-12-16 07:22:46,User_1279,User_1515,500.64,Kolkata,7,Safe
UPI0FABC059D104,2023-05-19 13:55:39,User_9101,User_2324,7389.11,Delhi,13,Safe
UPIF929B49EB65F,2023-04-25 19:24:13,User_5849,User_1515,5726.95,Bangalore,19,Safe
UPI535845B3F0B7,2023-09-03 20:23:14,User_9880,User_4861,9701.04,Ahmedabad,20,Safe
UPIFCDC3C6FED42,2023-01-24 20:45:29,User_2577,User_5031,8614.47,Bangalore,20,Safe
UPI46FE561C563E,2023-06-06 20:39:08,User_7402,User_7020,9438.1,Chennai,20,Safe
UPI1E34E1C2949D,2023-08-05 07:14:15,User_7966,User_2089,621.46,Kolkata,7,Safe
UPI262442A991AB,2023-11-03 23:26:09,User_6015,User_9402,2444.93,Delhi,23,Safe
UPI767851DBEEDD,2023-12-11 23:30:39,User_9557,User_6836,233.9,Kolkata,23,Safe
UPI9BED80FD66EB,2023-08-24 11:25:51,User_6933,User_5975,1898.44,Jaipur,11,Safe
UPIE7775D91A7B8,2023-02-01 11:18:27,User_6911,User_9415,5716.96,Mumbai,11,Safe
UPI9D723B099A3D,2023-04-15 06:59:23,User_8274,User_2069,1231.25,Pune,6,Safe
UPI3A659D9816D2,2023-06-02 07:44:00,User_2325,User_9975,6453.67,Kolkata,7,Safe
UPI8E5CAE9349AE,2023-03-29 10:25:19,User_9544,User_9903,1967.14,Mumbai,10,Safe
UPI2CA8266EB9E8,2023-02-23 13:57:40,User_4289,User_3128,9959.78,Jaipur,13,Safe
UPI9DFCFCA8DA9E,2023-10-10 08:50:09,User_1552,User_7775,322.21,Kolkata,8,Safe
UPI3D8CE1FBBA39,2023-01-17 23:03:03,User_3226,User_6240,6913.19,Bangalore,23,Safe
UPI651461B2E42D,2023-01-31 20:07:06,User_4887,User_2440,5957.12,Pune,20,Safe
UPIAAD2AB39B722,2023-05-28 13:40:23,User_1287,User_8995,234.7,Ahmedabad,13,Safe
UPI4204517BBF2D,2023-06-19 02:18:56,User_3449,User_2956,163500.09,Hyderabad,2,High Risk (Amount Outlier)
UPI167DE1269684,2023-12-23 06:37:41,User_9497,User_7226,8424.39,Hyderabad,6,Safe
UPIC7953DAF8D34,2023-02-23 20:05:48,User_1113,User_4726,4194.41,Pune,20,Safe
UPI1B5A2F0FF6E6,2023-11-02 11:19:02,User_3223,User_6707,3269.45,Lucknow,11,Safe
UPI498D7CBDDA74,2023-11-25 20:12:20,User_4925,User_9026,7076.18,Delhi,20,Safe
UPI832997070CE2,2023-09-01 06:03:15,User_2852,User_6080,3127.3,Chennai,6,Safe
UPIB98BEEE8991C,2023-06-09 18:50:18,User_1035,User_6233,5078.98,Lucknow,18,Safe
UPIA64B514443B6,2023-10-24 12:53:37,User_6977,User_6636,9576.34,Jaipur,12,Safe
UPI9029F964BC92,2023-09-21 08:57:41,User_4032,User_4486,8224.3,Delhi,8,Safe
UPI4356EE433F26,2023-05-25 16:08:18,User_7765,User_2422,3633.83,Pune,16,Safe
UPIBB6CDCC29D4B,2023-05-06 07:37:30,User_9027,User_7328,2614.58,Chennai,7,Safe
UPIA362D12919DA,2023-05-06 18:13:56,User_1295,User_1416,214.64,Lucknow,18,Safe
UPI564068C75E37,2023-05-16 14:22:14,User_6636,User_1438,9826.97,Bangalore,14,Safe
UPIF4E3393349F8,2023-05-25 13:24:19,User_5806,User_1668,1418.14,Jaipur,13,Safe
UPI97C0239DFEF6,2023-07-05 04:16:06,User_7212,User_2828,382758.79,Chennai,4,High Risk (Amount Outlier)
UPI8BE35F21692A,2023-01-21 07:47:01,User_1503,User_3332,9606.07,Kolkata,7,Safe
UPIED66EF319C98,2023-11-28 18:27:54,User_9167,User_4905,165.22,Chennai,18,Safe
UPIE71A5B907144,2023-08-27 10:48:15,User_6336,User_2185,2485.69,Bangalore,10,Safe
UPIC90475EB3AEA,2023-03-24 13:54:10,User_2229,User_3856,3823.13,Kolkata,13,Safe
UPI9291FC40B947,2023-01-17 10:54:36,User_7669,User_9762,9658.79,Ahmedabad,10,Safe
UPI4824D1575000,2023-05-11 18:39:41,User_6183,User_5254,9051.44,Jaipur,18,Safe
UPIF9E8FE0B2AEF,2023-03-08 22:23:32,User_9298,User_9563,4736.79,Mumbai,22,Safe
UPI3330D12F2ECB,2023-03-08 13:31:46,User_3270,User_2187,8759.54,Kolkata,13,Safe
UPI4C2F68A76FE5,2023-02-23 21:19:48,User_2368,User_1102,488.38,Kolkata,21,Safe
UPICAD163FC1970,2023-07-01 16:22:26,User_5808,User_8197,5302.77,Hyderabad,16,Safe
UPI5157AFD4AC39,2023-04-08 08:45:25,User_2262,User_7448,6869.48,Mumbai,8,Safe
UPIC864FB5B21F7,2023-08-29 21:42:02,User_9851,User_7218,4273.89,Ahmedabad,21,Safe
UPIE4BEFB545CB3,2023-06-20 11:40:08,User_3005,User_5719,8289.94,Chennai,11,Safe
UPID150FE07CC27,2023-07-28 06:58:52,User_9840,User_8154,9640.49,Jaipur,6,Safe
UPI32E9FFE537AD,2023-01-01 10:36:11,User_3047,User_7870,3448.54,Mumbai,10,Safe
UPIBDB079A59186,2023-09-02 09:44:49,User_1770,User_7363,222.53,Hyderabad,9,Safe
UPI7AC9727C0B1B,2023-11-01 03:49:56,User_6439,User_4192,139693.21,Delhi,3,High Risk (Amount Outlier)
UPIDC61644385EE,2023-12-16 08:40:08,User_3122,User_4136,228.83,Bangalore,8,Safe
UPI4FDCEC5A8B5E,2023-06-11 19:58:15,User_2142,User_3965,9592.13,Chennai,19,Safe
UPIDD603CA6C5B8,2023-03-15 17:24:48,User_8329,User_1541,4538.13,Bangalore,17,Safe
UPI08E20FC8C277,2023-10-29 23:45:41,User_4768,User_6159,4410.12,Mumbai,23,Safe
UPI4216D088A749,2023-03-12 10:51:44,User_9503,User_3559,8647.67,Lucknow,10,Safe
UPI3072FE636139,2023-12-03 21:55:39,User_9250,User_5698,2537.91,Lucknow,21,Safe
UPI268736D4D262,2023-02-14 22:50:22,User_7038,User_7397,2450.3,Pune,22,Safe
UPI52CBAECB2ED0,2023-05-18 08:40:37,User_5272,User_9136,9655.97,Jaipur,8,Safe
UPIC82D55DFF1B7,2023-10-20 14:38:17,User_3835,User_8233,1505.04,Bangalore,14,Safe
UPI6995627CD348,2023-08-19 13:06:25,User_9145,User_8140,6313.16,Pune,13,Safe
UPI255792C6EBFA,2023-08-07 07:15:13,User_1572,User_6254,3922.19,Hyderabad,7,Safe
UPI297D0DB7E57F,2023-01-20 06:28:57,User_6564,User_6146,2587.44,Hyderabad,6,Safe
UPI6809699FBA80,2023-09-09 22:35:40,User_5919,User_6078,5966.93,Chennai,22,Safe
UPID438AD56D518,2023-03-21 21:27:32,User_1961,User_1568,2615.42,Delhi,21,Safe
UPIAB5FDE7BC9A8,2023-01-14 08:45:51,User_4638,User_3706,5613.35,Delhi,8,Safe
UPIF1B35093BC85,2023-05-27 15:47:44,User_9310,User_4503,4192.1,Lucknow,15,Safe
UPI4444F51DE2D8,2023-04-03 12:10:56,User_5008,User_8013,9183.19,Bangalore,12,Safe
UPI7CFFAA2EE99E,2023-12-17 11:20:33,User_2776,User_1821,3118.83,Ahmedabad,11,Safe
UPIBAECBBB006A0,2023-11-02 14:13:33,User_7942,User_1000,2393.7,Delhi,14,Safe
UPI7398944A8F47,2023-04-23 15:31:12,User_8530,User_2593,6000.56,Pune,15,Safe
UPID904AE115E1E,2023-04-12 08:07:37,User_6642,User_1056,5192.79,Hyderabad,8,Safe
UPI3BF6468F8028,2023-01-17 14:08:40,User_2648,User_6560,6042.19,Hyderabad,14,Safe
UPI52CF579DC126,2023-04-02 16:51:21,User_7525,User_4271,8770.58,Bangalore,16,Safe
UPI3E3E8BAD2DEB,2023-12-12 16:41:30,User_6013,User_8263,7857.44,Ahmedabad,16,Safe
UPI2294F511C929,2023-01-11 08:55:28,User_3398,User_2797,923.52,Bangalore,8,Safe
UPI0F3F33163E1A,2023-06-23 22:57:52,User_7869,User_2167,4437.2,Chennai,22,Safe
UPI61E00620F0CC,2023-07-05 16:39:55,User_9010,User_7557,7385.61,Ahmedabad,16,Safe
UPID8230CA6577F,2023-02-27 21:21:22,User_5919,User_2505,9492.03,Chennai,21,Safe
UPI4AE7E161A387,2023-10-02 19:20:07,User_4486,User_9131,3251.48,Kolkata,19,Safe
UPIA8CBC80C6FAA,2023-05-21 14:47:33,User_2252,User_1521,7022.55,Lucknow,14,Safe
UPI02EE981CE5AA,2023-11-12 06:17:36,User_5679,User_1973,3367.93,Delhi,6,Safe
UPI410F0A931E1F,2023-03-25 07:54:52,User_7378,User_9013,5116.95,Chennai,7,Safe
UPI072A534A1226,2023-12-14 10:54:33,User_1280,User_6831,9320.39,Delhi,10,Safe
UPI583E4DD195A5,2023-08-28 08:40:30,User_9928,User_8959,2568.72,Ahmedabad,8,Safe
UPI69824A4E579B,2023-11-12 08:33:39,User_7041,User_1909,7581.71,Delhi,8,Safe
UPI7A1C65CF21DB,2023-06-29 14:43:54,User_8653,User_2152,1913.14,Mumbai,14,Safe
UPID359432842D9,2023-08-31 18:20:56,User_4915,User_3288,1649.46,Jaipur,18,Safe
UPI15F49B75F41B,2023-02-01 08:09:15,User_1449,User_6542,5149.91,Bangalore,8,Safe
UPIFD3495AD6B44,2023-02-12 12:56:32,User_1787,User_2103,3786.96,Bangalore,12,Safe
UPIAD91BC0C2C99,2023-05-23 06:19:40,User_7178,User_8619,9150.41,Lucknow,6,Safe
UPI59FF72887418,2023-11-03 21:05:53,User_2641,User_8948,9406.03,Chennai,21,Safe
UPID3409EAC856F,2023-07-06 23:59:02,User_2726,User_1243,8168.73,Hyderabad,23,Safe
UPID042118DA23D,2023-05-26 17:00:03,User_8781,User_9034,259.6,Mumbai,17,Safe
UPI8570585658E0,2023-01-14 04:16:22,User_5511,User_2931,139912.41,Kolkata,4,High Risk (Amount Outlier)
UPI571975336FCD,2023-06-26 22:57:26,User_5275,User_7708,3177.59,Bangalore,22,Safe
UPIFED67CB01B55,2023-04-09 20:43:16,User_7888,User_5464,5418.68,Pune,20,Safe
UPIE208CC2F9705,2023-03-26 22:44:16,User_1727,User_8304,1536.75,Mumbai,22,Safe
UPI64DD0287599D,2023-06-30 11:45:59,User_3296,User_8627,667.25,Delhi,11,Safe
UPI0D67AB4D5020,2023-07-15 13:34:43,User_6851,User_7859,8262.84,Delhi,13,Safe
UPID17179E14F8F,2023-05-30 11:03:19,User_2257,User_3245,3385.32,Pune,11,Safe
UPIA25A7503ABA4,2023-05-11 15:29:53,User_1315,User_6202,5342.22,Lucknow,15,Safe
UPI0156C11B580B,2023-11-23 18:59:39,User_2400,User_3272,3399.61,Bangalore,18,Safe
UPI4A13339EA46F,2023-02-17 06:29:56,User_8644,User_8369,4853.11,Bangalore,6,Safe
UPI61F975D52225,2023-11-20 12:25:17,User_1425,User_9050,8035.37,Pune,12,Safe
UPI50428B449AB5,2023-09-18 07:14:56,User_7705,User_1124,8294.66,Mumbai,7,Safe
UPI095EB9BF6102,2023-12-11 10:52:11,User_9106,User_9992,6988.03,Jaipur,10,Safe
UPIC79771CE731A,2023-08-20 22:53:36,User_7164,User_7047,1032.44,Mumbai,22,Safe
UPI3F7B10FBD235,2023-08-05 04:31:35,User_2759,User_8267,120213.38,Mumbai,4,High Risk (Amount Outlier)
UPI3B5FEB846FBC,2023-05-28 07:20:14,User_6442,User_6184,8139.96,Chennai,7,Safe
UPI259BA4E32BD3,2023-02-02 14:32:32,User_1164,User_5899,8675.03,Ahmedabad,14,Safe
UPI7D7D3B9B76CF,2023-09-10 16:15:21,User_4476,User_9851,6546.68,Hyderabad,16,Safe
UPIDDA0FF91ADD4,2023-09-25 13:02:33,User_7194,User_1847,9735.54,Lucknow,13,Safe
UPI7B77CF7C0BC6,2023-10-14 13:20:10,User_7813,User_3257,1555.86,Pune,13,Safe
UPIF32BBC1243CF,2023-06-24 20:06:11,User_5883,User_8088,5330.69,Chennai,20,Safe
UPI7A27575181C4,2023-01-26 07:35:18,User_6773,User_1999,6269.71,Chennai,7,Safe
UPIDA9C01C0F9DD,2023-08-05 04:24:18,User_1296,User_7139,213870.13,Hyderabad,4,High Risk (Amount Outlier)
UPI41EDF8274BBC,2023-08-25 10:12:56,User_5738,User_8590,3690.51,Kolkata,10,Safe
UPI70FF0AE79152,2023-04-05 17:38:47,User_9263,User_7061,5171.92,Pune,17,Safe
UPIE35784FDAFB0,2023-07-04 22:01:51,User_6301,User_9873,7681.7,Hyderabad,22,Safe
UPI1D813206781C,2023-01-20 20:30:34,User_1789,User_7349,2979.78,Bangalore,20,Safe
UPIEFC5F4D3EF17,2023-12-15 15:22:39,User_7586,User_7164,9740.91,Pune,15,Safe
UPI6DE39B4D0902,2023-10-21 07:08:49,User_2151,User_7854,7980.31,Mumbai,7,Safe
UPIF95AB3B1DA5F,2023-02-20 17:54:47,User_4961,User_5062,2709.15,Lucknow,17,Safe
UPID288AE22C00E,2023-12-16 22:54:20,User_6892,User_3530,5222.41,Lucknow,22,Safe
UPI8FB02FD420EC,2023-09-22 22:16:33,User_5833,User_2777,2869.37,Delhi,22,Safe
UPIDD405A701C95,2023-03-16 16:53:34,User_4713,User_1115,2642.37,Pune,16,Safe
UPI7B400B62B13E,2023-02-21 19:47:41,User_4373,User_5794,5929.6,Kolkata,19,Safe
UPIB60A6B99DBC4,2023-01-18 07:08:38,User_3215,User_2401,8965.38,Bangalore,7,Safe
UPIA1A9BA795A2D,2023-10-26 06:07:26,User_7699,User_1424,1955.1,Mumbai,6,Safe
UPIDADC8EF6DEDB,2023-12-01 16:47:04,User_5911,User_3756,4700.98,Pune,16,Safe
UPI4397B37FA3CC,2023-08-13 23:37:30,User_2375,User_8552,2569.77,Bangalore,23,Safe
UPI3ADA2079A6AF,2023-02-02 22:05:00,User_4028,User_2925,4125.87,Lucknow,22,Safe
UPIA53942ECF617,2023-12-21 10:33:09,User_5833,User_5263,1371.36,Jaipur,10,Safe
UPI167F42866CAD,2023-11-15 15:20:30,User_8055,User_3410,6398.66,Hyderabad,15,Safe
UPI1CE415122D5D,2023-11-28 13:10:24,User_9652,User_7664,6020.23,Hyderabad,13,Safe
UPI39C332864387,2023-03-20 23:27:17,User_1300,User_2602,1632.11,Chennai,23,Safe
UPID975F74F7313,2023-07-09 19:10:33,User_9077,User_4777,4386.14,Delhi,19,Safe
UPI260AA9DB5577,2023-06-26 21:19:17,User_8738,User_3198,1627.1,Kolkata,21,Safe
UPI2110173F8E43,2023-09-20 10:43:17,User_1539,User_7788,9696.11,Delhi,10,Safe
UPIF9DEA3DDAAB8,2023-04-29 07:42:27,User_2647,User_8099,3295.14,Mumbai,7,Safe
UPI423997453B58,2023-10-22 10:57:23,User_6040,User_6746,1992.01,Delhi,10,Safe
UPI6996DBBC9C36,2023-11-17 20:28:51,User_4117,User_9853,6630.3,Jaipur,20,Safe
UPI5EFC0EF04F3F,2023-01-07 18:48:30,User_3859,User_2457,4748.77,Bangalore,18,Safe
UPI8F52DF8E3427,2023-03-24 19:25:10,User_2352,User_5019,2467.18,Lucknow,19,Safe
UPIBED522697121,2023-11-13 09:13:46,User_8835,User_2011,5002.35,Bangalore,9,Safe
UPI6C57F967F5EB,2023-04-01 21:35:24,User_9066,User_5451,2911.01,Mumbai,21,Safe
UPI72ED400B09BB,2023-05-31 21:42:57,User_9303,User_3618,4215.74,Jaipur,21,Safe
UPI875C503A4C1E,2023-07-27 09:01:53,User_3847,User_1192,1189.93,Bangalore,9,Safe
UPI2D59CEF536E2,2023-07-28 08:34:15,User_7742,User_6216,9280.86,Delhi,8,Safe
UPIE2689378056F,2023-03-11 01:23:45,User_3696,User_3145,82655.05,Mumbai,1,High Risk (Amount Outlier)
UPI65FC2A67A184,2023-02-04 06:13:26,User_5366,User_3253,3299.59,Mumbai,6,Safe
UPI0C4967269608,2023-05-16 08:20:30,User_3709,User_7057,835.83,Mumbai,8,Safe
UPI0EBFA12A1C4D,2023-10-26 09:00:02,User_2602,User_1695,7696.48,Chennai,9,Safe
UPID058B89D59DE,2023-04-04 01:40:29,User_6510,User_4414,302202.88,Chennai,1,High Risk (Amount Outlier)
UPI5B60C1E0809B,2023-03-10 11:46:30,User_2757,User_4097,8385.46,Lucknow,11,Safe
UPIF6130DD1AE87,2023-08-24 06:59:15,User_5021,User_4334,332.19,Lucknow,6,Safe
UPI4A369AB3A4E0,2023-12-23 09:15:12,User_6607,User_9280,2564.77,Ahmedabad,9,Safe
UPIDA9499BF6A62,2023-05-23 07:01:34,User_7747,User_6814,2099.8,Pune,7,Safe
UPI8830795608FD,2023-03-01 06:08:56,User_2737,User_9875,674.64,Ahmedabad,6,Safe
UPIDC5E0952966C,2023-11-26 06:47:53,User_7037,User_4819,9187.29,Jaipur,6,Safe
UPI6A0B79F726CD,2023-01-15 17:47:52,User_6959,User_6188,5728.38,Lucknow,17,Safe
UPI6B4D1A60599C,2023-10-23 17:00:59,User_6174,User_4853,6061.59,Pune,17,Safe
UPI49B1C5AE6051,2023-07-01 12:59:26,User_6853,User_9604,6974.95,Ahmedabad,12,Safe
UPIA1280EEB8EFF,2023-06-07 10:18:46,User_1793,User_1543,864.45,Chennai,10,Safe
UPIB8987F152A56,2023-05-01 10:46:47,User_9995,User_2736,3959.18,Jaipur,10,Safe
UPI80BA068AD2DF,2023-10-28 23:00:13,User_4533,User_3900,139.12,Jaipur,23,Safe
UPI99DFFA8FC091,2023-08-16 07:38:37,User_1602,User_8094,6976.92,Pune,7,Safe
UPI824027B410C2,2023-03-14 12:24:00,User_1276,User_5007,7395.03,Ahmedabad,12,Safe
UPI5CD57A107123,2023-10-27 07:34:23,User_4283,User_4638,664.67,Ahmedabad,7,Safe
UPI4E340DF56BDB,2023-06-03 22:37:46,User_3598,User_2807,9015.08,Lucknow,22,Safe
UPIFD76B0610FA6,2023-04-12 07:30:34,User_1241,User_4456,7115.95,Hyderabad,7,Safe
UPI4C60689AA061,2023-07-17 19:34:30,User_6450,User_9471,3614.76,Ahmedabad,19,Safe
UPI5C81D12823A4,2023-12-11 21:53:24,User_6504,User_1626,6345.82,Jaipur,21,Safe
UPI1E302E8EBF2C,2023-02-23 14:21:36,User_2091,User_1767,4829.85,Kolkata,14,Safe
UPI777BAE20A0D6,2023-11-01 21:56:37,User_2488,User_9189,8132.8,Bangalore,21,Safe
UPI218CE98B8FAB,2023-09-30 16:08:00,User_8489,User_8207,8680.79,Kolkata,16,Safe
UPIFFA50D004F04,2023-07-23 20:13:16,User_9571,User_4616,4539.85,Hyderabad,20,Safe
UPI3E430607ADF9,2023-05-10 20:30:27,User_8519,User_9941,2831.03,Kolkata,20,Safe
UPI4865AAC8F8A6,2023-09-12 10:56:48,User_7173,User_6477,7745.37,Jaipur,10,Safe
UPI31ADC27A52B7,2023-01-01 17:05:50,User_3622,User_9801,648.88,Delhi,17,Safe
UPICA9FB0B8AEB4,2023-03-09 19:09:44,User_1539,User_6905,5345.78,Bangalore,19,Safe
UPI40E69028631A,2023-10-04 18:42:16,User_2753,User_8260,1193.15,Jaipur,18,Safe
UPIBD7D91CB1045,2023-07-02 04:29:37,User_7505,User_3034,240268.82,Ahmedabad,4,High Risk (Amount Outlier)
UPIAE6C5B25B34E,2023-01-15 17:29:35,User_6495,User_2848,7171.08,Delhi,17,Safe
UPI778086BA9DAC,2023-12-06 16:11:42,User_2069,User_1636,3240.54,Delhi,16,Safe
UPIF49AEA38A2F5,2023-06-02 03:19:50,User_6605,User_5613,215956.38,Hyderabad,3,High Risk (Amount Outlier)
UPI56F597A2F745,2023-05-23 18:45:26,User_9131,User_5477,1694.5,Pune,18,Safe
UPI57BB9C072967,2023-08-27 03:32:17,User_9081,User_4624,166860.42,Mumbai,3,High Risk (Amount Outlier)
UPI8035E64B3FFA,2023-03-02 19:54:42,User_7892,User_4531,3894.44,Jaipur,19,Safe
UPIC61614592B6E,2023-02-07 06:50:41,User_8073,User_4077,6625.51,Lucknow,6,Safe
UPIBDEAA1C534C4,2023-08-13 11:30:03,User_3605,User_1043,6057.55,Jaipur,11,Safe
UPI6DCA995423E5,2023-05-02 13:04:56,User_4281,User_9601,8272.51,Jaipur,13,Safe
UPI113DFDCCF612,2023-10-28 06:06:50,User_4361,User_1136,5962.73,Bangalore,6,Safe
UPI67E6B22260E1,2023-01-01 07:08:37,User_5332,User_7763,1216.75,Hyderabad,7,Safe
UPI83E267F8EFFD,2023-06-14 23:58:46,User_6691,User_1353,9739.05,Lucknow,23,Safe
UPIE4AD484C9D03,2023-07-12 13:47:23,User_2144,User_2443,5888.33,Kolkata,13,Safe
UPI2ABA0DE5ADDE,2023-02-10 18:14:26,User_4141,User_2897,6633.77,Lucknow,18,Safe
UPIA7971350BC1B,2023-03-10 11:06:52,User_8665,User_4882,2594.41,Ahmedabad,11,Safe
UPI0646524B594A,2023-06-05 16:32:38,User_2388,User_6290,5612.93,Mumbai,16,Safe
UPICFD84504984D,2023-03-12 21:34:53,User_7804,User_4068,2625.9,Kolkata,21,Safe
UPIAD8223379B01,2023-01-19 07:49:47,User_4899,User_6563,7314.43,Chennai,7,Safe
UPI4F7895AA6E67,2023-08-20 14:32:45,User_6741,User_9560,7005.22,Lucknow,14,Safe
UPIFA6C61834AFA,2023-04-02 20:00:48,User_6279,User_3960,673.26,Pune,20,Safe
UPI0A9240C0EBC8,2023-03-27 12:39:39,User_7503,User_4620,1874.06,Jaipur,12,Safe
UPIA06450FC5009,2023-05-03 20:43:13,User_2599,User_4777,3802.91,Lucknow,20,Safe
UPI4AF37B48B4CB,2023-02-19 19:12:28,User_8912,User_5073,6032.04,Chennai,19,Safe
UPIC6CFA16E024A,2023-12-02 04:37:48,User_1841,User_7044,132607.23,Delhi,4,High Risk (Amount Outlier)
UPI328D9D21BA41,2023-09-13 22:29:52,User_9347,User_4433,6128.51,Lucknow,22,Safe
UPIB7DE9893B44E,2023-12-06 16:11:02,User_3524,User_1777,6972.07,Jaipur,16,Safe
UPID534F9D5FBCF,2023-03-10 16:13:02,User_7172,User_1063,849.74,Chennai,16,Safe
UPIB5DD824D739C,2023-10-04 16:11:11,User_2097,User_7661,5349.2,Hyderabad,16,Safe
UPI96841A127264,2023-02-23 22:49:47,User_3020,User_9941,1325.55,Pune,22,Safe
UPI481DFA085FE9,2023-01-21 20:04:02,User_8985,User_7263,442.8,Jaipur,20,Safe
UPI3AD462E00D19,2023-08-11 08:47:57,User_3107,User_9894,3238.76,Bangalore,8,Safe
UPI537CD318C9B2,2023-05-26 06:03:00,User_8220,User_1622,2929.94,Hyderabad,6,Safe
UPI1AE7FF954FC7,2023-10-28 01:59:03,User_2116,User_2013,279215.05,Pune,1,High Risk (Amount Outlier)
UPI5D50EBDFE71D,2023-08-13 22:18:44,User_6530,User_6563,9255.0,Bangalore,22,Safe
UPI5E2A9541BCC6,2023-07-11 19:18:21,User_2513,User_3876,3248.78,Kolkata,19,Safe
UPIB3A1CD62E5DE,2023-06-26 10:33:08,User_8157,User_6086,7680.7,Jaipur,10,Safe
UPI5B1D8E79EB6D,2023-02-27 20:52:08,User_1718,User_4238,2532.98,Pune,20,Safe
UPIB0DC33327286,2023-08-05 12:36:20,User_3915,User_2175,1376.54,Kolkata,12,Safe
UPIDE0F56AD3327,2023-07-08 08:46:28,User_2988,User_7653,2417.72,Kolkata,8,Safe
UPI79B844C23173,2023-11-26 16:40:09,User_2741,User_9993,980.25,Bangalore,16,Safe
UPIFF6D6C326965,2023-01-11 08:11:47,User_9490,User_7654,4073.56,Delhi,8,Safe
UPI04189D01176E,2023-11-13 09:39:01,User_3619,User_1661,9099.5,Lucknow,9,Safe
UPI9449CD191E85,2023-10-26 12:27:11,User_8274,User_4021,1298.83,Lucknow,12,Safe
UPIDEBCBC470ECD,2023-07-15 11:49:03,User_9236,User_7468,4955.33,Pune,11,Safe
UPICD2FE18648FB,2023-09-29 06:49:28,User_1188,User_1145,5247.02,Bangalore,6,Safe
UPI712168FCC70E,2023-01-04 06:28:22,User_3357,User_7170,1112.28,Lucknow,6,Safe
UPIF20A0D187323,2023-09-15 06:13:20,User_2439,User_9757,9911.66,Hyderabad,6,Safe
UPIA7562B15BADA,2023-02-20 10:25:04,User_8268,User_4967,366.07,Jaipur,10,Safe
UPI3381D6B16B0B,2023-11-13 15:41:28,User_4331,User_1801,9590.32,Hyderabad,15,Safe
UPIF5C4ABE1E988,2023-10-09 16:39:29,User_8045,User_2424,245.16,Hyderabad,16,Safe
UPIA81C9E67100A,2023-08-02 16:11:12,User_9333,User_4073,7087.59,Kolkata,16,Safe
UPIB0D9539E780F,2023-01-03 08:19:06,User_7201,User_2322,705.46,Ahmedabad,8,Safe
UPI04177938268A,2023-01-06 23:26:33,User_2324,User_5237,7510.31,Bangalore,23,Safe
UPI8D2BFA18FC39,2023-06-23 23:47:20,User_1486,User_1422,9408.92,Delhi,23,Safe
UPI24489420B652,2023-05-08 15:30:48,User_1781,User_9126,3962.47,Bangalore,15,Safe
UPIDCAEC627A8A7,2023-05-12 21:59:37,User_7566,User_1181,6797.59,Bangalore,21,Safe
UPI9D838A0D9847,2023-10-06 20:57:00,User_2929,User_9340,921.67,Lucknow,20,Safe
UPI92AE23D2CBFC,2023-03-08 08:45:59,User_8996,User_8733,6000.45,Delhi,8,Safe
UPIE50EDA169590,2023-07-27 19:57:39,User_2678,User_7641,4460.27,Ahmedabad,19,Safe
UPID6242CCF90A8,2023-03-05 17:32:54,User_5949,User_3964,7666.05,Chennai,17,Safe
UPI365E73CD3683,2023-09-12 23:23:26,User_6785,User_9217,2161.4,Ahmedabad,23,Safe
UPIBF1795D44176,2023-08-21 21:09:16,User_8634,User_6296,3655.8,Hyderabad,21,Safe
UPI7EC12B509BEE,2023-03-22 02:07:10,User_6725,User_5519,186726.95,Chennai,2,High Risk (Amount Outlier)
UPIC2F824495BF5,2023-02-20 12:24:45,User_8349,User_8182,4050.68,Hyderabad,12,Safe
UPIA422350086D4,2023-09-13 23:59:49,User_4293,User_5167,9360.18,Hyderabad,23,Safe
UPI266E5E976EC2,2023-04-16 21:08:34,User_7013,User_3637,7685.15,Delhi,21,Safe
UPIA83C94092370,2023-03-29 18:04:36,User_2812,User_5268,6098.49,Pune,18,Safe
UPI17BF908FC23E,2023-05-28 03:42:07,User_7256,User_8261,234326.0,Ahmedabad,3,High Risk (Amount Outlier)
UPIBDD6DFF68EAA,2023-07-16 19:17:47,User_8523,User_8917,9782.81,Delhi,19,Safe
UPIC7850B30B94F,2023-06-25 15:47:25,User_3452,User_3721,6621.97,Ahmedabad,15,Safe
UPICC8A05E3D4AD,2023-03-30 09:36:18,User_5795,User_5601,1623.21,Pune,9,Safe
UPICD5A0F4A8524,2023-06-15 06:49:57,User_2895,User_5783,953.4,Lucknow,6,Safe
UPIB988C94CE417,2023-09-09 18:45:47,User_1294,User_1475,1266.46,Mumbai,18,Safe
UPICCA8743A65A5,2023-07-12 22:51:44,User_7127,User_5218,9247.27,Ahmedabad,22,Safe
UPIC52C9ABD542A,2023-09-19 19:40:45,User_3831,User_5494,2162.65,Pune,19,Safe
UPI0A700C366D1D,2023-07-25 11:00:09,User_9198,User_2839,1276.88,Bangalore,11,Safe
UPI68166B8E87A1,2023-10-06 16:34:39,User_1002,User_1879,3612.36,Lucknow,16,Safe
UPI5F41D3373DA2,2023-11-02 09:19:47,User_2822,User_4544,2651.3,Kolkata,9,Safe
UPI325A15EC8436,2023-06-01 09:02:12,User_9175,User_7786,1505.56,Ahmedabad,9,Safe
UPI2BF052E48174,2023-11-07 17:16:38,User_6105,User_5951,6706.84,Delhi,17,Safe
UPI191DBBC10250,2023-07-30 13:44:44,User_6694,User_4366,8681.87,Hyderabad,13,Safe
UPIC65E6ACE487A,2023-11-17 14:58:35,User_5530,User_5120,9177.32,Jaipur,14,Safe
UPICCE88B495580,2023-02-22 20:20:53,User_7605,User_1325,6602.32,Jaipur,20,Safe
UPI0FAE3B49AF19,2023-08-04 06:21:41,User_2059,User_9803,6126.74,Kolkata,6,Safe
UPI320752B661A7,2023-07-02 02:30:45,User_2843,User_8795,370474.6,Kolkata,2,High Risk (Amount Outlier)
UPIF35273B92155,2023-02-24 18:26:41,User_4490,User_9801,6378.21,Jaipur,18,Safe
UPI1FCA7010345E,2023-05-26 21:41:42,User_4392,User_8204,6770.22,Bangalore,21,Safe
UPIF106D06B06BE,2023-06-04 16:38:18,User_1648,User_2410,2313.62,Mumbai,16,Safe
UPIE032EAB3F02E,2023-05-09 12:18:26,User_4136,User_5481,9857.71,Hyderabad,12,Safe
UPID0A7C9C3950B,2023-04-15 03:36:02,User_6035,User_4694,473425.9,Kolkata,3,High Risk (Amount Outlier)
UPI93B84D0A2F54,2023-03-22 09:05:14,User_9957,User_8747,5954.61,Jaipur,9,Safe
UPI14C50393927E,2023-07-28 14:57:07,User_1103,User_4540,5847.54,Chennai,14,Safe
UPI1E54EFE3A246,2023-05-05 13:34:24,User_1276,User_2073,3135.19,Bangalore,13,Safe
UPICEBF031240ED,2023-04-25 10:10:32,User_1855,User_7202,4204.0,Kolkata,10,Safe
UPI0FE43D291584,2023-10-08 07:08:55,User_3157,User_8629,4063.84,Hyderabad,7,Safe
UPID37E06ECF92A,2023-08-30 23:51:58,User_6397,User_4482,324.07,Bangalore,23,Safe
UPIF3F1DD3AB76F,2023-09-30 03:43:15,User_3209,User_5525,379373.41,Hyderabad,3,High Risk (Amount Outlier)
UPIABAD7A6BD47A,2023-10-05 02:18:11,User_4236,User_6472,247772.59,Kolkata,2,High Risk (Amount Outlier)
UPI9736A6789678,2023-04-11 11:01:51,User_8441,User_6048,5700.93,Ahmedabad,11,Safe
UPI486658971245,2023-12-01 08:31:34,User_7601,User_5592,7612.69,Bangalore,8,Safe
UPI202999096855,2023-06-08 23:12:42,User_6336,User_5930,7101.95,Delhi,23,Safe
UPI5F5BE5BF9DFC,2023-02-22 08:06:03,User_2316,User_4756,113.29,Hyderabad,8,Safe
UPI0D3F3CC0785D,2023-04-28 16:35:37,User_3076,User_3979,5013.51,Delhi,16,Safe
UPI2429EA1A7E43,2023-06-19 12:31:11,User_4605,User_5408,6313.87,Mumbai,12,Safe
UPI17056E6B07E0,2023-03-09 10:54:31,User_3813,User_2232,4967.35,Ahmedabad,10,Safe
UPI6FC8E1A01E29,2023-02-07 15:28:13,User_9937,User_6465,539.65,Mumbai,15,Safe
UPIF85E0B1E399D,2023-09-18 22:27:43,User_3269,User_2253,6116.45,Chennai,22,Safe
UPIFB7275E511BF,2023-06-26 08:51:17,User_7987,User_6901,9266.5,Ahmedabad,8,Safe
UPIB4B04B544580,2023-03-12 06:48:24,User_5983,User_1950,5039.25,Bangalore,6,Safe
UPI409510097DC5,2023-11-16 09:42:53,User_3662,User_8863,7912.89,Chennai,9,Safe
UPIE9833C7DB08D,2023-11-08 09:35:57,User_9039,User_7087,8000.12,Kolkata,9,Safe
UPIDFEC9C04E34D,2023-08-07 20:54:22,User_1210,User_9961,5273.04,Hyderabad,20,Safe
UPIAEF8F3FF19CE,2023-09-18 18:52:35,User_3052,User_7804,1013.32,Chennai,18,Safe
UPID154B48A8800,2023-06-07 21:43:42,User_6218,User_1852,6979.04,Pune,21,Safe
UPI2D01916DBDC6,2023-10-08 17:30:06,User_5817,User_6798,5217.52,Bangalore,17,Safe
UPI24821D8E432C,2023-08-25 11:54:59,User_3504,User_9474,1792.98,Ahmedabad,11,Safe
UPI3B2B3A14CBAE,2023-11-13 11:40:22,User_7542,User_3614,1341.08,Kolkata,11,Safe
UPI23F7744DB261,2023-06-08 12:14:10,User_5695,User_8495,2356.81,Mumbai,12,Safe
UPI3F1BFB36B262,2023-08-23 13:18:20,User_3068,User_6276,8184.71,Delhi,13,Safe
UPIF7FCBCD4165A,2023-08-20 14:56:02,User_4609,User_3831,6140.41,Hyderabad,14,Safe
UPIA048ECEB9527,2023-09-27 22:31:03,User_4917,User_6151,2222.62,Kolkata,22,Safe
UPIB996B764C307,2023-01-11 20:06:32,User_1682,User_2816,9363.07,Jaipur,20,Safe
UPI12A5CE7152B6,2023-12-22 12:19:22,User_8011,User_1529,3390.78,Mumbai,12,Safe
UPI31BE95A15B1A,2023-06-17 08:12:57,User_8359,User_5328,7390.15,Delhi,8,Safe
UPI6E3F75FB993B,2023-02-23 21:00:58,User_5382,User_8193,2338.36,Jaipur,21,Safe
UPIB67EB6E7A410,2023-04-08 10:33:50,User_9782,User_4961,3006.04,Delhi,10,Safe
UPIF12E6DC0B162,2023-09-30 12:45:02,User_8329,User_3845,856.34,Ahmedabad,12,Safe
UPI598527BA88DC,2023-12-08 20:04:36,User_5463,User_6407,8944.56,Delhi,20,Safe
UPID0B397D63AA4,2023-05-20 23:31:43,User_7247,User_2786,9991.7,Bangalore,23,Safe
UPID2D0D2289D28,2023-01-22 12:50:02,User_5731,User_5454,8994.72,Chennai,12,Safe
UPIAC8C78B8679D,2023-09-13 08:02:22,User_2643,User_7399,9521.42,Ahmedabad,8,Safe
UPI55C11CF3DE8A,2023-06-28 14:09:56,User_9435,User_7973,7647.57,Mumbai,14,Safe
UPI2B9944DF9361,2023-11-15 14:22:37,User_2733,User_9517,4446.34,Jaipur,14,Safe
UPI2EEDFB4E361D,2023-06-08 06:16:39,User_5583,User_2451,4988.91,Mumbai,6,Safe
UPI6CE6F964A810,2023-03-03 06:43:07,User_7509,User_3242,773.25,Pune,6,Safe
UPI25000C8A6486,2023-07-21 21:19:06,User_1618,User_5943,9694.13,Jaipur,21,Safe
UPI9EE436DFD7D7,2023-08-18 16:18:15,User_3523,User_8650,4962.98,Kolkata,16,Safe
UPI5C4B97801374,2023-03-30 10:06:27,User_7650,User_9879,7273.59,Ahmedabad,10,Safe
UPI58B4D89F528A,2023-03-26 01:19:40,User_3618,User_3285,74943.59,Chennai,1,High Risk (Amount Outlier)
UPIA7154576BC0A,2023-02-14 20:08:30,User_5737,User_8103,5960.7,Mumbai,20,Safe
UPI189613968591,2023-01-25 12:41:06,User_9052,User_7697,6012.28,Chennai,12,Safe
UPIB8093C743EBC,2023-08-02 11:14:57,User_2650,User_3914,714.57,Bangalore,11,Safe
UPI24ED6DD83872,2023-09-25 10:41:32,User_7549,User_8116,2140.27,Hyderabad,10,Safe
UPI620F6D3358A4,2023-08-15 17:03:57,User_3272,User_4306,303.88,Ahmedabad,17,Safe
UPI6EE40EB008AA,2023-06-01 01:22:09,User_2026,User_6478,265100.06,Ahmedabad,1,High Risk (Amount Outlier)
UPI0E54D5039469,2023-12-21 16:42:15,User_6427,User_5973,9294.41,Lucknow,16,Safe
UPI4D8E744C7BC3,2023-11-29 06:43:06,User_2488,User_2940,8614.39,Delhi,6,Safe
UPIE00CB18CF707,2023-05-10 13:11:07,User_4708,User_4639,6210.54,Lucknow,13,Safe
UPIE77C792092EA,2023-12-01 07:46:20,User_9498,User_3755,4006.26,Delhi,7,Safe
UPI241B178E8E43,2023-03-06 10:59:57,User_2838,User_3181,8831.02,Kolkata,10,Safe
UPID53FA503AFEC,2023-12-12 17:11:59,User_8962,User_6382,5263.9,Hyderabad,17,Safe
UPIAA76A2C1C28B,2023-05-23 09:23:02,User_5722,User_8559,1089.2,Delhi,9,Safe
UPI81D63595A06A,2023-04-01 21:09:33,User_9258,User_7941,4185.51,Hyderabad,21,Safe
UPIEE72BC6EE21C,2023-09-08 07:18:45,User_7992,User_3137,326.53,Ahmedabad,7,Safe
UPIB195675FB2DC,2023-04-06 18:33:04,User_3338,User_8444,9796.28,Bangalore,18,Safe
UPICF30E1140BF9,2023-06-05 16:57:19,User_4178,User_1164,2838.53,Lucknow,16,Safe
UPI3FDC0E663355,2023-05-06 16:13:14,User_2850,User_1908,8456.37,Kolkata,16,Safe
UPI0BBEBEE01C4A,2023-05-24 20:14:13,User_2021,User_3764,5503.33,Mumbai,20,Safe
UPIBE21C179C012,2023-10-11 13:07:20,User_2685,User_2703,6285.81,Bangalore,13,Safe
UPI849FC27F2396,2023-07-29 23:49:58,User_5577,User_8806,1166.95,Chennai,23,Safe
UPIF8AB9D71A0AE,2023-06-24 18:04:41,User_7833,User_2596,4043.89,Delhi,18,Safe
UPI55461A871983,2023-04-02 07:40:27,User_6614,User_8312,2430.44,Mumbai,7,Safe
UPI6C88E7F0BBE4,2023-07-17 17:49:30,User_6234,User_3575,9924.55,Delhi,17,Safe
UPIDC8257E9C8A8,2023-08-29 16:15:22,User_8851,User_7618,2610.97,Chennai,16,Safe
UPI59A719E888ED,2023-08-19 09:22:03,User_9890,User_6168,4503.56,Jaipur,9,Safe
UPI3FA7ED0B4F23,2023-05-17 06:22:04,User_9922,User_3455,763.75,Kolkata,6,Safe
UPIE843AAF9F748,2023-01-20 08:49:35,User_1148,User_9152,2060.74,Pune,8,Safe
UPI1388E1D5C5C7,2023-04-27 23:42:01,User_7034,User_1347,4805.46,Kolkata,23,Safe
UPI7C3B4DF1F586,2023-07-19 23:26:03,User_8417,User_2761,9901.54,Mumbai,23,Safe
UPID30056731987,2023-05-11 12:19:12,User_2052,User_7188,1637.58,Jaipur,12,Safe
UPI48A770F185F3,2023-06-01 15:17:49,User_2089,User_8618,3893.62,Bangalore,15,Safe
UPI673C5E5C8040,2023-04-06 21:32:56,User_2813,User_2298,1094.78,Pune,21,Safe
UPI918B7151D356,2023-08-04 07:27:03,User_6022,User_5167,7166.8,Pune,7,Safe
UPI8BD3492CF83B,2023-10-01 08:26:25,User_6543,User_3479,610.78,Kolkata,8,Safe
UPI5E62FCAB8C45,2023-02-13 22:06:24,User_7628,User_6128,6587.78,Jaipur,22,Safe
UPI488FF0A03913,2023-04-09 12:54:57,User_8057,User_6232,9544.0,Ahmedabad,12,Safe
UPI47486C066871,2023-07-30 09:35:09,User_6462,User_4648,2218.52,Lucknow,9,Safe
UPI0E8130F1B41B,2023-02-25 12:10:18,User_4616,User_2883,9607.46,Ahmedabad,12,Safe
UPI2A5C64EEC829,2023-07-26 16:30:55,User_3082,User_1264,3548.77,Ahmedabad,16,Safe
UPIEC4A4BEF10A7,2023-10-09 10:41:52,User_2992,User_1275,7239.34,Jaipur,10,Safe
UPID8405722E398,2023-12-22 18:21:29,User_8301,User_5330,4906.95,Kolkata,18,Safe
UPIC3F98572D3B8,2023-01-25 21:05:19,User_4963,User_4911,5513.88,Delhi,21,Safe
UPI63DE730F3B79,2023-09-14 18:28:27,User_7617,User_9566,2584.99,Ahmedabad,18,Safe
UPI66071742D0C5,2023-07-14 07:05:56,User_2835,User_9353,6712.68,Hyderabad,7,Safe
UPI5553B5668B05,2023-04-08 23:11:42,User_7999,User_4395,6555.61,Chennai,23,Safe
UPIEBB9969A3450,2023-04-04 14:19:23,User_5805,User_1777,8305.61,Chennai,14,Safe
UPI60368A409D67,2023-05-13 07:59:21,User_2220,User_3361,4774.97,Kolkata,7,Safe
UPI75BBE7B2A5CD,2023-08-19 16:42:19,User_4195,User_2578,4309.99,Mumbai,16,Safe
UPI3EA7827A5CD6,2023-12-25 14:53:03,User_9104,User_8433,9601.8,Delhi,14,Safe
UPI935DEBA83AC3,2023-04-16 17:27:24,User_3893,User_5778,7949.32,Delhi,17,Safe
UPID8003FFA7A48,2023-12-21 15:14:53,User_8690,User_2513,4222.13,Mumbai,15,Safe
UPI4CEF2AFA238A,2023-06-05 14:35:23,User_1450,User_9890,8365.42,Chennai,14,Safe
UPIB5C5516E36F7,2023-04-17 01:55:01,User_2257,User_5419,74717.68,Delhi,1,High Risk (Amount Outlier)
UPI1B0BAA554497,2023-02-03 14:54:43,User_6630,User_5616,6864.09,Lucknow,14,Safe
UPID41D3E879D73,2023-12-28 09:59:10,User_2571,User_3634,4666.84,Ahmedabad,9,Safe
UPIE7D27C0844C9,2023-05-13 20:25:47,User_4706,User_1655,8394.16,Pune,20,Safe
UPI5E0C232A53B7,2023-03-04 10:44:14,User_6601,User_3029,749.69,Pune,10,Safe
UPIDFDCD3F28466,2023-12-10 15:59:17,User_2657,User_9596,3539.26,Bangalore,15,Safe
UPI2C77D454AC66,2023-08-29 22:19:33,User_8074,User_6362,1327.48,Chennai,22,Safe
UPI67E4D91DAB51,2023-12-27 02:20:59,User_3973,User_1632,96606.35,Chennai,2,High Risk (Amount Outlier)
UPIFE05F68C4647,2023-07-30 12:06:55,User_3631,User_8313,6718.25,Mumbai,12,Safe
UPIDC4BDAACDB85,2023-06-17 14:41:38,User_7502,User_2061,7265.29,Ahmedabad,14,Safe
UPI51DC152EF5FF,2023-11-28 22:08:16,User_1086,User_1907,8214.25,Mumbai,22,Safe
UPI5994FED94809,2023-07-27 16:02:40,User_7693,User_7144,1080.96,Lucknow,16,Safe
UPI56912733D161,2023-03-27 23:34:01,User_6947,User_5899,241.67,Bangalore,23,Safe
UPIC41BCAB52BF6,2023-06-17 21:56:29,User_1455,User_9179,4082.62,Kolkata,21,Safe
UPI87C84EBCDEA0,2023-10-23 11:45:50,User_7742,User_7358,7592.25,Bangalore,11,Safe
UPIF159FFD80E09,2023-06-17 15:51:13,User_2602,User_8997,1217.81,Bangalore,15,Safe
UPI15DF5372431E,2023-07-29 20:36:36,User_5039,User_3207,9243.11,Ahmedabad,20,Safe
UPIEE169EDD8E7B,2023-02-22 09:31:41,User_4217,User_9419,8284.84,Pune,9,Safe
UPI17B2A2DAFB91,2023-03-01 15:16:32,User_7163,User_7625,1939.53,Delhi,15,Safe
UPI74FF858C6DE8,2023-06-15 15:48:44,User_9390,User_7591,8398.21,Delhi,15,Safe
UPIEC1EEB64F0EC,2023-11-06 14:54:39,User_4409,User_8532,6501.36,Mumbai,14,Safe
UPI5DE3FD584393,2023-05-22 21:09:12,User_7006,User_3251,6904.32,Ahmedabad,21,Safe
UPIC9DC71EBD2E3,2023-02-17 06:24:01,User_8409,User_8940,9197.46,Delhi,6,Safe
UPICBA4A83B1590,2023-04-05 07:18:06,User_2343,User_6496,8317.89,Hyderabad,7,Safe
UPIE72D024A0058,2023-11-21 14:16:11,User_8583,User_7582,1732.81,Mumbai,14,Safe
UPIBA15BF03BC12,2023-08-14 20:17:18,User_6719,User_8401,7355.64,Pune,20,Safe
UPIAE1C036C068D,2023-12-07 15:04:20,User_7872,User_4031,7159.57,Hyderabad,15,Safe
UPI71C6F3F12326,2023-03-01 10:58:41,User_3481,User_5256,8349.67,Hyderabad,10,Safe
UPIE19E340B7F5D,2023-04-28 11:06:17,User_8782,User_9544,1606.43,Kolkata,11,Safe
UPIC5D619EF32E9,2023-01-16 14:16:16,User_7995,User_7465,7029.1,Delhi,14,Safe
UPIB2BBF138BC54,2023-04-28 20:50:08,User_4903,User_2078,3637.39,Delhi,20,Safe
UPI3B449B65D9F6,2023-06-16 20:10:46,User_9481,User_7622,3142.5,Delhi,20,Safe
UPI9876851A1949,2023-12-29 17:29:43,User_2535,User_1545,3504.7,Lucknow,17,Safe
UPI44A3A2E61C3E,2023-09-15 12:50:27,User_9138,User_7181,403.52,Lucknow,12,Safe
UPI6658DF27E970,2023-10-11 12:04:31,User_7556,User_5901,6487.77,Jaipur,12,Safe
UPI8D7A85D2CFEE,2023-03-25 18:43:50,User_6814,User_1904,1339.53,Bangalore,18,Safe
UPI7ACFE259C663,2023-02-25 22:19:29,User_2460,User_1386,3401.12,Lucknow,22,Safe
UPIC1C8433CCBF6,2023-06-10 09:09:19,User_6270,User_4638,6044.54,Hyderabad,9,Safe
UPI0AA589077619,2023-02-17 12:50:27,User_1084,User_3623,4421.29,Mumbai,12,Safe
UPI6CA48A7E27C4,2023-03-07 03:26:44,User_3326,User_7151,396119.39,Delhi,3,High Risk (Amount Outlier)
UPI875D3EEFD08F,2023-05-30 20:35:53,User_8232,User_2312,9774.78,Ahmedabad,20,Safe
UPI92EA3AD28579,2023-02-26 17:58:45,User_3049,User_8868,370.25,Pune,17,Safe
UPIAC6F0DB681CC,2023-03-09 03:16:53,User_9723,User_4608,56279.3,Bangalore,3,High Risk (Amount Outlier)
UPI3879E5E7A3B1,2023-09-17 23:54:44,User_6595,User_6504,5452.16,Chennai,23,Safe
UPI2A13200E45E3,2023-07-31 23:42:39,User_1799,User_7129,496.92,Delhi,23,Safe
UPICCBD476F2911,2023-02-12 04:59:06,User_2501,User_1586,382523.04,Bangalore,4,High Risk (Amount Outlier)
UPIFFF6356F508F,2023-10-10 19:44:59,User_6925,User_1652,8639.9,Bangalore,19,Safe
UPIBE7829CF1BA7,2023-01-10 23:34:19,User_8830,User_4990,7610.67,Jaipur,23,Safe
UPI99CC23CC2FA0,2023-02-11 22:03:43,User_5328,User_4446,8781.74,Lucknow,22,Safe
UPI9F3D3A1BD086,2023-08-02 20:03:57,User_1559,User_8581,6773.8,Hyderabad,20,Safe
UPI679368320817,2023-07-26 20:34:04,User_8398,User_9798,6596.18,Jaipur,20,Safe
UPI677BAF4229AD,2023-12-30 19:57:29,User_8619,User_8716,8930.17,Pune,19,Safe
UPI37E388F3073F,2023-06-04 16:38:35,User_1913,User_8382,746.54,Kolkata,16,Safe
UPI484939CF3165,2023-11-23 11:43:05,User_8933,User_8324,6151.55,Lucknow,11,Safe
UPID493E69BBA4A,2023-10-10 10:50:38,User_2596,User_3180,2555.36,Hyderabad,10,Safe
UPI68AF1C8CCF51,2023-01-08 17:54:23,User_7640,User_6056,1462.73,Pune,17,Safe
UPIB2F783C8CB37,2023-09-05 15:35:16,User_7685,User_1094,904.4,Mumbai,15,Safe
UPI82B379BFF9BE,2023-09-01 18:43:33,User_9609,User_6325,6440.2,Mumbai,18,Safe
UPI54D5F999D630,2023-06-27 22:29:43,User_8002,User_3389,9676.05,Mumbai,22,Safe
UPID3C10D3BC6DB,2023-07-26 07:20:51,User_6056,User_6022,234.65,Delhi,7,Safe
UPICEF950DBC305,2023-11-28 12:36:16,User_2868,User_2429,6357.22,Delhi,12,Safe
UPI1EE58F660BEA,2023-09-13 13:52:23,User_7965,User_4461,2119.8,Jaipur,13,Safe
UPI5EB20A331420,2023-10-10 23:47:29,User_5389,User_9146,538.3,Lucknow,23,Safe
UPIF76058F50AAA,2023-03-18 23:38:06,User_1745,User_6807,1402.86,Delhi,23,Safe
UPI43468A6A4E14,2023-11-18 04:47:37,User_6146,User_5362,348903.05,Ahmedabad,4,High Risk (Amount Outlier)
UPIA18FD829B64C,2023-04-29 06:51:55,User_2237,User_6482,6230.21,Kolkata,6,Safe
UPI625FEBDC2F23,2023-03-17 17:52:33,User_8712,User_2995,1271.68,Chennai,17,Safe
UPIC68650A5B4E2,2023-01-02 10:21:32,User_2962,User_4254,1473.9,Delhi,10,Safe
UPIF3C26CC9CAF6,2023-11-21 20:04:36,User_2145,User_4694,4402.55,Hyderabad,20,Safe
UPIA6E56F17B88C,2023-01-04 19:07:16,User_8529,User_1181,7251.47,Pune,19,Safe
UPI9755C1E02A55,2023-01-22 09:38:04,User_2732,User_1201,8409.78,Mumbai,9,Safe
UPIB4B4C765A7CA,2023-02-04 08:04:28,User_4751,User_6337,6134.34,Jaipur,8,Safe
UPI4BDDEFC7A684,2023-05-11 15:09:28,User_9841,User_2368,1906.81,Ahmedabad,15,Safe
UPI073842E6837A,2023-08-21 07:29:42,User_9093,User_4583,8084.22,Lucknow,7,Safe
UPI3178A450A851,2023-09-25 19:48:59,User_8542,User_9988,8850.96,Lucknow,19,Safe
UPI4A099ED82D0C,2023-03-12 16:12:24,User_7887,User_3089,3460.58,Mumbai,16,Safe
UPI21654CD03B5D,2023-10-17 21:36:16,User_3682,User_9614,9254.41,Kolkata,21,Safe
UPI52332C931ED6,2023-11-07 08:09:21,User_9885,User_2419,7990.38,Ahmedabad,8,Safe
UPIF60643FB8AC8,2023-10-10 16:47:21,User_4888,User_7203,8191.06,Pune,16,Safe
UPIA258D4971551,2023-03-20 19:29:01,User_4666,User_1218,5695.54,Hyderabad,19,Safe
UPI99B3C3627FDD,2023-07-20 17:32:13,User_1216,User_1620,8935.76,Pune,17,Safe
UPIF8A15760DA85,2023-10-08 14:43:25,User_2663,User_8978,5366.02,Kolkata,14,Safe
UPI357E998E2CEF,2023-01-03 09:17:00,User_6834,User_3111,155.67,Hyderabad,9,Safe
UPI3044B24BFED4,2023-07-26 18:40:11,User_1823,User_5049,4349.98,Pune,18,Safe
UPI008CA115D3BA,2023-09-06 09:36:41,User_5023,User_3936,3284.53,Mumbai,9,Safe
UPIC133A19D4468,2023-06-15 22:19:31,User_2421,User_7606,4605.79,Chennai,22,Safe
UPI0BA6B9935502,2023-12-26 11:38:13,User_6254,User_3045,2091.08,Mumbai,11,Safe
UPI14BDAD233DC7,2023-02-05 22:41:32,User_1921,User_9486,4500.78,Ahmedabad,22,Safe
UPI4C57C7BC205B,2023-09-30 16:14:41,User_9257,User_7142,9306.44,Lucknow,16,Safe
UPI1136FFAE1B7C,2023-07-26 13:52:20,User_2049,User_7063,270.5,Jaipur,13,Safe
UPIE25818CD4173,2023-12-08 07:07:42,User_5723,User_7840,7482.3,Pune,7,Safe
UPI38B258EC8A80,2023-08-24 15:08:55,User_9972,User_4607,9418.88,Chennai,15,Safe
UPIA442BA025A1E,2023-11-07 17:23:57,User_3448,User_5678,447.66,Lucknow,17,Safe
UPIA9194509612E,2023-06-19 12:01:12,User_6920,User_6322,475.51,Mumbai,12,Safe
UPI0674428E31E6,2023-07-24 14:00:01,User_6946,User_1377,7149.17,Ahmedabad,14,Safe
UPID70D11E7CAED,2023-01-22 07:27:26,User_7119,User_1450,8472.13,Jaipur,7,Safe
UPI01F921B515ED,2023-10-19 11:35:10,User_6023,User_1017,3287.88,Mumbai,11,Safe
UPIDF72C848B83E,2023-04-06 23:36:57,User_2085,User_6190,7266.39,Ahmedabad,23,Safe
UPI4B6A8C35A029,2023-10-22 15:12:09,User_2878,User_4180,7195.34,Hyderabad,15,Safe
UPIFF20B283F74B,2023-01-06 17:20:24,User_5054,User_3927,5939.71,Ahmedabad,17,Safe
UPI986D5AE9A601,2023-03-15 18:13:14,User_6034,User_4759,6332.26,Bangalore,18,Safe
UPIE01F631C311A,2023-05-09 07:46:22,User_4302,User_4137,5920.19,Bangalore,7,Safe
UPIAC7D1E21575A,2023-08-18 11:58:31,User_7784,User_9812,6960.48,Jaipur,11,Safe
UPI85D0663054EE,2023-01-25 13:07:05,User_2679,User_9869,1401.48,Chennai,13,Safe
UPI99AFE5592D68,2023-01-03 06:35:20,User_7498,User_4667,7227.28,Chennai,6,Safe
UPIA040657A7056,2023-10-01 06:28:35,User_6885,User_4392,8900.48,Hyderabad,6,Safe
UPIE4FB24DD38EA,2023-03-06 06:45:05,User_7395,User_5582,601.36,Ahmedabad,6,Safe
UPI6DB12DAE5CEC,2023-12-01 10:40:34,User_4384,User_5812,6883.45,Ahmedabad,10,Safe
UPI53C662F9BE8C,2023-03-01 16:48:37,User_1051,User_4848,7541.06,Mumbai,16,Safe
UPI7A4EAFCDE31F,2023-02-20 11:20:13,User_6264,User_9485,6714.98,Lucknow,11,Safe
UPIFADCFC5CAEEF,2023-02-24 18:03:58,User_7089,User_3057,6883.84,Pune,18,Safe
UPI22F417A44D9F,2023-09-04 15:04:43,User_6044,User_3441,9970.92,Lucknow,15,Safe
UPI8A17E3F2A7F3,2023-11-03 12:42:36,User_5534,User_7147,7405.49,Mumbai,12,Safe
UPIB180BBBAB362,2023-09-22 06:28:06,User_8654,User_5144,8612.14,Hyderabad,6,Safe
UPI488D5F3B79D1,2023-10-05 23:45:43,User_3072,User_1927,7279.09,Pune,23,Safe
UPIC8A8806231F4,2023-03-02 15:38:47,User_8189,User_4372,9398.42,Ahmedabad,15,Safe
UPIA13BE438D7A5,2023-07-01 18:20:00,User_4313,User_3640,2288.75,Chennai,18,Safe
UPI2595FB74C3C3,2023-02-28 20:42:46,User_6078,User_5052,4749.32,Delhi,20,Safe
UPI42F647650881,2023-11-06 03:05:45,User_4969,User_3426,455593.66,Lucknow,3,High Risk (Amount Outlier)
UPICF299D4215BC,2023-07-16 17:02:52,User_6904,User_1398,7867.53,Delhi,17,Safe
UPI80E0BBEC767B,2023-03-01 10:59:12,User_2171,User_4765,3611.06,Lucknow,10,Safe
UPIBCC57900ED8E,2023-11-06 14:46:28,User_8119,User_9073,4704.86,Delhi,14,Safe
UPI42CC8D32D15D,2023-01-11 09:48:43,User_2208,User_4302,9654.26,Bangalore,9,Safe
UPI6E0A74D69D88,2023-11-25 06:15:31,User_9629,User_9972,7184.71,Ahmedabad,6,Safe
UPI3D4736983F55,2023-11-19 11:39:13,User_9503,User_7888,9466.08,Pune,11,Safe
UPI0C93573019BE,2023-08-07 21:54:00,User_3257,User_9060,3658.52,Mumbai,21,Safe
UPI8CDB2A44C8D6,2023-03-11 12:42:53,User_7687,User_9270,8355.05,Bangalore,12,Safe
UPI7B36EDDAA448,2023-11-15 14:56:26,User_8929,User_4255,7405.93,Pune,14,Safe
UPIA40F12EA0E57,2023-04-22 18:44:56,User_3842,User_1974,9343.21,Bangalore,18,Safe
UPI2DC0B5C103E3,2023-01-19 15:04:53,User_5276,User_8702,9212.06,Delhi,15,Safe
UPIE40453019EA4,2023-06-22 07:17:30,User_3239,User_2400,4851.52,Lucknow,7,Safe
UPI41C68E4DBB41,2023-11-15 19:39:28,User_3310,User_1779,8014.63,Lucknow,19,Safe
UPI2C0F0FDA52BB,2023-12-10 14:16:13,User_9020,User_2026,5042.29,Kolkata,14,Safe
UPI301D01735129,2023-12-10 14:13:12,User_3162,User_8270,1186.78,Mumbai,14,Safe
UPI41B2B0A49E2A,2023-08-09 18:53:42,User_8456,User_4918,3992.43,Ahmedabad,18,Safe
UPIA6CA36CA447C,2023-02-02 07:18:13,User_6232,User_9427,5045.59,Mumbai,7,Safe
UPIB9B6D9527564,2023-01-02 20:18:14,User_9105,User_7312,6505.0,Chennai,20,Safe
UPI89835B1E12C7,2023-07-07 14:09:13,User_6463,User_4031,6391.67,Delhi,14,Safe
UPI82A4BC9E2E1E,2023-10-12 19:15:18,User_6685,User_1747,430.8,Ahmedabad,19,Safe
UPIAF3EA3CD0CE0,2023-02-12 13:24:19,User_8537,User_4279,2482.21,Chennai,13,Safe
UPI360F4EB0D5BD,2023-06-22 21:56:24,User_2196,User_1913,1659.61,Pune,21,Safe
UPI31C190A9B361,2023-06-22 02:52:02,User_2227,User_8947,357657.32,Lucknow,2,High Risk (Amount Outlier)
UPIF5CEE995FD58,2023-07-22 15:54:24,User_7089,User_3503,150.65,Hyderabad,15,Safe
UPI5A6B7CB2F4D4,2023-04-30 19:49:11,User_5851,User_9843,8140.7,Pune,19,Safe
UPI431B979FA30E,2023-01-12 19:24:39,User_6679,User_9925,234.65,Hyderabad,19,Safe
UPIE71982D50220,2023-11-16 08:34:49,User_1400,User_4234,6165.02,Chennai,8,Safe
UPI300EA044D374,2023-10-05 22:09:24,User_4763,User_7664,7487.06,Delhi,22,Safe
UPI82C8BFAC6F52,2023-03-18 19:10:57,User_9494,User_6185,5480.28,Pune,19,Safe
UPI59A06FA34776,2023-05-05 23:55:40,User_1436,User_8711,9033.29,Delhi,23,Safe
UPI4AA4FF192D93,2023-03-04 10:18:27,User_6636,User_5100,135.57,Pune,10,Safe
UPI601120514817,2023-10-26 21:51:27,User_7575,User_5824,754.32,Delhi,21,Safe
UPI84E1747C7C55,2023-06-14 18:25:17,User_3366,User_9077,3360.49,Jaipur,18,Safe
UPIFFF7F68D1148,2023-11-19 14:34:53,User_7350,User_1348,6813.3,Delhi,14,Safe
UPI0DC74820E479,2023-08-21 18:21:55,User_7805,User_7125,7144.47,Pune,18,Safe
UPI53738D987EE3,2023-04-13 07:34:30,User_5252,User_8602,7014.35,Hyderabad,7,Safe
UPIEC047FBEAF45,2023-10-29 19:09:38,User_3050,User_8801,2524.74,Hyderabad,19,Safe
UPICEC6E512E421,2023-07-02 10:33:31,User_8613,User_7338,4356.88,Ahmedabad,10,Safe
UPIC1F218098E3C,2023-05-14 19:36:57,User_8033,User_3550,8148.64,Jaipur,19,Safe
UPIDA15F7751D62,2023-08-13 06:54:44,User_9745,User_8185,3953.22,Mumbai,6,Safe
UPI1FD85176DDED,2023-07-16 09:36:17,User_9222,User_4326,4980.93,Lucknow,9,Safe
UPI7BBD2AE47471,2023-11-04 11:54:07,User_5409,User_9337,4040.64,Bangalore,11,Safe
UPIA642F9E4DDEA,2023-02-03 21:08:45,User_4578,User_8139,9858.68,Mumbai,21,Safe
UPICB2190BB8E99,2023-07-14 14:53:17,User_3142,User_5595,1128.38,Jaipur,14,Safe
UPIB6928EE5B52F,2023-09-14 22:22:28,User_2572,User_9071,7347.57,Ahmedabad,22,Safe
UPI698F88A34244,2023-11-21 21:17:55,User_6328,User_6837,8083.73,Mumbai,21,Safe
UPIE3F105868B00,2023-03-01 18:05:54,User_4221,User_2292,4306.6,Pune,18,Safe
UPIF5530692FDCF,2023-05-03 04:12:25,User_8432,User_9055,148302.67,Delhi,4,High Risk (Amount Outlier)
UPI2AF605089807,2023-09-03 08:13:33,User_5333,User_4528,6143.72,Jaipur,8,Safe
UPI455692172228,2023-03-02 21:30:05,User_9566,User_8309,4759.2,Jaipur,21,Safe
UPI3ABD4A101F7A,2023-02-12 19:31:59,User_4716,User_1144,9259.48,Lucknow,19,Safe
UPI8A4D7C22AD2A,2023-11-17 09:14:32,User_3146,User_6553,3840.03,Pune,9,Safe
UPIDEB93C5BF2A5,2023-06-19 14:23:10,User_1706,User_1500,4311.84,Pune,14,Safe
UPIE0B7D98C4C08,2023-02-22 23:38:23,User_8977,User_8557,3506.74,Mumbai,23,Safe
UPIF51FEC45D968,2023-08-25 14:54:06,User_4375,User_9928,1471.6,Chennai,14,Safe
UPI76DA0812E4D2,2023-05-04 11:16:30,User_4671,User_9202,4338.48,Bangalore,11,Safe
UPI7163EA891922,2023-05-17 16:32:11,User_5073,User_5950,7134.05,Hyderabad,16,Safe
UPIECEAD9CE1B6F,2023-07-31 22:36:53,User_8065,User_9650,8484.49,Pune,22,Safe
UPI42D757856ED7,2023-11-21 15:13:35,User_6701,User_8384,167.64,Ahmedabad,15,Safe
UPI48309DE7025B,2023-05-24 14:47:58,User_6593,User_7606,1789.47,Delhi,14,Safe
UPIA80F5C70BE71,2023-10-05 16:46:46,User_8185,User_1656,3542.49,Kolkata,16,Safe
UPIA4EC3E19EF3D,2023-06-14 06:32:42,User_8460,User_2747,2475.04,Ahmedabad,6,Safe
UPID303782ED7CE,2023-12-06 21:24:46,User_4999,User_6534,1289.5,Bangalore,21,Safe
UPI52D5332322D5,2023-08-17 21:06:29,User_9717,User_4948,1985.23,Pune,21,Safe
UPI7582EE0EEAF1,2023-09-18 22:14:31,User_1842,User_4972,6732.69,Lucknow,22,Safe
UPI88B44FCE7E26,2023-05-02 19:15:18,User_6906,User_3370,8035.41,Kolkata,19,Safe
UPI976E066593C0,2023-06-15 06:06:47,User_8256,User_8472,6119.56,Kolkata,6,Safe
UPI5CB914988551,2023-06-10 12:04:02,User_4780,User_6181,102.07,Hyderabad,12,Safe
UPI66A98CEDB40B,2023-12-11 08:22:16,User_1381,User_9655,3902.2,Hyderabad,8,Safe
UPI7394DF4EBB65,2023-06-20 15:37:09,User_7700,User_7282,3107.51,Chennai,15,Safe
UPID777825496BD,2023-03-02 12:15:13,User_7663,User_9432,3836.77,Delhi,12,Safe
UPI3F50B8371C04,2023-06-16 06:40:39,User_4822,User_2588,570.68,Pune,6,Safe
UPI9CEBC3AD0C1A,2023-08-25 10:05:47,User_2903,User_3253,3306.91,Mumbai,10,Safe
UPIF9757990D656,2023-03-02 13:38:05,User_1428,User_8876,3359.04,Jaipur,13,Safe
UPI377B81CA181D,2023-02-25 22:01:53,User_3380,User_8634,9672.56,Hyderabad,22,Safe
UPI9EB884289BF5,2023-09-09 14:25:43,User_2570,User_4202,5170.64,Delhi,14,Safe
UPIEF8DA2A11C41,2023-08-03 04:36:05,User_8596,User_1041,135693.61,Ahmedabad,4,High Risk (Amount Outlier)
UPI9E09432146C4,2023-09-08 01:08:02,User_4216,User_3073,216097.43,Mumbai,1,High Risk (Amount Outlier)
UPI03AB91B2AF15,2023-06-27 21:37:51,User_4272,User_2495,213.08,Kolkata,21,Safe
UPI3067239BD8F8,2023-09-15 23:57:45,User_6218,User_9095,3738.28,Chennai,23,Safe
UPIC8CCA9D06E6E,2023-12-16 10:26:24,User_4267,User_4383,1230.45,Ahmedabad,10,Safe
UPI8A21716EDF0F,2023-09-16 17:53:04,User_4832,User_2107,8008.23,Chennai,17,Safe
UPIF9D8A993625A,2023-07-15 16:07:26,User_9589,User_4358,971.78,Delhi,16,Safe
UPI15FE7A30910D,2023-10-15 23:15:17,User_6031,User_7498,7154.25,Delhi,23,Safe
UPI0F531C56EFDA,2023-08-27 16:05:01,User_6025,User_7050,4968.23,Kolkata,16,Safe
UPI2D55CA71D374,2023-09-28 20:37:53,User_7286,User_1470,4018.6,Bangalore,20,Safe
UPIE683A745161A,2023-12-24 20:19:27,User_9535,User_6170,5080.22,Delhi,20,Safe
UPI0817BAE0F3DD,2023-11-15 08:29:03,User_1937,User_6134,3293.83,Mumbai,8,Safe
UPI815D4B4AFED4,2023-01-08 09:43:20,User_8772,User_5322,2833.36,Hyderabad,9,Safe
UPIF1E4CD9C6E6E,2023-07-06 23:58:54,User_9142,User_8724,5400.44,Lucknow,23,Safe
UPI54BC237E94A6,2023-02-12 14:39:35,User_6398,User_4775,924.94,Kolkata,14,Safe
UPIB2C79385C7AB,2023-09-04 14:51:29,User_3077,User_8380,9850.06,Ahmedabad,14,Safe
UPI1F4BD7488D94,2023-05-15 07:08:07,User_7973,User_4754,552.55,Ahmedabad,7,Safe
UPIECB90C8149C0,2023-07-13 09:04:20,User_7273,User_7598,5940.59,Pune,9,Safe
UPIA92FA8C4E063,2023-01-13 18:17:23,User_6666,User_8229,6264.32,Lucknow,18,Safe
UPI771B382D37D3,2023-07-12 06:17:22,User_2401,User_9302,946.9,Hyderabad,6,Safe
UPIDBED67CE1D4E,2023-04-10 17:20:29,User_3904,User_2556,1288.87,Jaipur,17,Safe
UPI06E5CA441D01,2023-11-25 21:25:49,User_7878,User_8133,4718.38,Pune,21,Safe
UPIF8597C26AC8A,2023-07-17 14:27:40,User_3862,User_4088,4171.41,Kolkata,14,Safe
UPI16808E193436,2023-12-07 17:39:47,User_1124,User_5615,1616.21,Pune,17,Safe
UPI0188783E7EED,2023-02-27 19:25:25,User_5060,User_2654,3225.62,Mumbai,19,Safe
UPI5BD8C10818DA,2023-03-04 16:00:52,User_2956,User_2240,1620.51,Lucknow,16,Safe
UPI9B321AC29B42,2023-12-05 22:01:32,User_2056,User_1539,1703.36,Pune,22,Safe
UPIC7ED4C00F261,2023-12-14 04:51:11,User_3513,User_8695,204751.47,Pune,4,High Risk (Amount Outlier)
UPI80436FC600B2,2023-02-06 08:45:46,User_9208,User_1773,5788.17,Hyderabad,8,Safe
UPI34228B37EB0D,2023-11-13 15:06:58,User_5797,User_1906,6674.9,Lucknow,15,Safe
UPI5A4D06F8790B,2023-12-01 19:26:23,User_2512,User_6106,4493.43,Jaipur,19,Safe
UPI200FB8793F1F,2023-10-29 08:46:31,User_6145,User_6459,6605.42,Pune,8,Safe
UPI2C3368C17B7B,2023-07-02 12:03:54,User_4698,User_4130,9052.13,Bangalore,12,Safe
UPI569108AAFED1,2023-08-27 23:57:14,User_5607,User_1627,2652.88,Kolkata,23,Safe
UPI004367DCDAF0,2023-06-10 22:27:23,User_3148,User_8923,3194.56,Jaipur,22,Safe
UPIEA2B12472F5F,2023-07-01 04:16:32,User_1928,User_1402,188728.86,Lucknow,4,High Risk (Amount Outlier)
UPI41A29E927BC2,2023-07-25 13:44:07,User_1682,User_1929,9555.7,Mumbai,13,Safe
UPI0E59BC3EA595,2023-10-31 18:28:22,User_2317,User_5113,5513.79,Pune,18,Safe
UPI11E8E44C830C,2023-11-12 06:18:00,User_2529,User_7261,5889.83,Kolkata,6,Safe
UPI22AC97DF8FF4,2023-08-14 16:26:12,User_1285,User_7594,7106.76,Pune,16,Safe
UPI8BFB5B6018A1,2023-01-02 22:31:18,User_9355,User_6284,9690.49,Kolkata,22,Safe
UPICEB6DDA74E25,2023-08-09 20:59:09,User_4653,User_6135,2730.92,Pune,20,Safe
UPI5CE30C0DC691,2023-11-13 08:51:47,User_1828,User_2464,3199.7,Bangalore,8,Safe
UPI35CA7B61347D,2023-08-05 07:42:13,User_3503,User_8356,2103.19,Mumbai,7,Safe
UPI706019E6FB3B,2023-11-06 13:09:28,User_7497,User_2810,9862.84,Bangalore,13,Safe
UPI744CFCF71E71,2023-09-02 12:48:10,User_2200,User_9931,2384.64,Lucknow,12,Safe
UPI7DFF2858978E,2023-04-29 10:42:17,User_5329,User_3835,6080.18,Pune,10,Safe
UPI93AFFA684514,2023-01-03 20:35:30,User_7836,User_9399,7213.18,Chennai,20,Safe
UPI5C2AE91062B1,2023-10-03 11:47:25,User_6099,User_7356,5177.76,Chennai,11,Safe
UPI261C87440309,2023-10-02 12:58:01,User_7913,User_4842,7918.0,Ahmedabad,12,Safe
UPIBDF2DE355365,2023-08-18 23:22:05,User_8827,User_7213,5742.43,Kolkata,23,Safe
UPIB6583E578E9F,2023-07-01 23:18:56,User_9954,User_3066,2560.27,Mumbai,23,Safe
UPIBBA0E57164E5,2023-10-10 23:12:26,User_1734,User_3693,7103.26,Ahmedabad,23,Safe
UPICEEA2465E573,2023-05-07 06:37:30,User_1170,User_1382,2284.95,Ahmedabad,6,Safe
UPI1DDB10ADAFE1,2023-12-15 15:32:58,User_3340,User_9005,9283.52,Mumbai,15,Safe
UPI55212729B796,2023-01-03 18:07:15,User_6686,User_4538,9164.48,Chennai,18,Safe
UPI05EE8C1D02B9,2023-09-21 13:51:28,User_4462,User_7300,2241.0,Lucknow,13,Safe
UPI259076483EA9,2023-07-16 23:35:23,User_9105,User_9276,8518.51,Chennai,23,Safe
UPIF953E0570C89,2023-11-14 12:16:02,User_1862,User_3204,9339.33,Delhi,12,Safe
UPIC8EBCB401684,2023-10-20 02:42:24,User_1110,User_5703,76872.86,Delhi,2,High Risk (Amount Outlier)
UPIC918C3064563,2023-10-29 07:29:55,User_7384,User_1839,5928.98,Delhi,7,Safe
UPI42B1D1B0BC23,2023-03-24 19:22:23,User_9502,User_1964,6847.39,Hyderabad,19,Safe
UPIBD94B8E9C23F,2023-06-05 19:29:17,User_2278,User_2658,1594.39,Mumbai,19,Safe
UPI71F7A7757BBC,2023-03-22 19:36:36,User_8161,User_9110,6007.0,Hyderabad,19,Safe
UPI54249B6CFF73,2023-01-16 07:51:16,User_4191,User_2900,2327.95,Delhi,7,Safe
UPI70DAADC30D91,2023-06-21 19:12:20,User_6822,User_1347,602.92,Jaipur,19,Safe
UPI26651F9856CE,2023-05-05 18:46:27,User_6990,User_3326,4849.39,Chennai,18,Safe
UPI73C613FF2B45,2023-01-02 14:45:50,User_2840,User_4996,192.07,Delhi,14,Safe
UPI4D5F1781B3D7,2023-03-21 23:15:37,User_4084,User_5072,8870.77,Chennai,23,Safe
UPIAF953E247367,2023-04-22 11:29:17,User_3850,User_4756,2417.02,Kolkata,11,Safe
UPI4311321A0DA6,2023-12-12 20:46:49,User_1524,User_5976,1233.82,Ahmedabad,20,Safe
UPI6660D69511A4,2023-06-20 07:40:32,User_9580,User_9875,6892.46,Ahmedabad,7,Safe
UPI76E618DD80FB,2023-11-21 16:18:38,User_4085,User_8308,5727.2,Delhi,16,Safe
UPI352FB6F1152F,2023-01-07 09:35:18,User_5494,User_2001,1064.61,Kolkata,9,Safe
UPI20A5B6A3501C,2023-06-06 12:56:33,User_8852,User_2570,728.83,Lucknow,12,Safe
UPI0339A9058C76,2023-05-02 21:12:04,User_1934,User_1231,9962.85,Ahmedabad,21,Safe
UPIA5D5ECB51125,2023-07-08 16:11:21,User_4472,User_5258,908.51,Pune,16,Safe
UPI43230F7B90B9,2023-06-29 09:31:13,User_2738,User_5630,5946.88,Ahmedabad,9,Safe
UPI842B6CBB7FF5,2023-12-14 11:58:34,User_9579,User_6865,576.36,Delhi,11,Safe
UPIFE2DE03E2131,2023-05-27 06:49:09,User_4080,User_6274,8450.07,Chennai,6,Safe
UPI5E2C18F6811F,2023-09-14 15:42:04,User_1907,User_6825,6033.91,Pune,15,Safe
UPIE5FDEDD04921,2023-03-04 17:12:17,User_3091,User_2422,1635.57,Bangalore,17,Safe
UPIECDFD2D49E6E,2023-06-25 01:45:14,User_8451,User_7744,98620.68,Mumbai,1,High Risk (Amount Outlier)
UPICF16D7626837,2023-12-20 12:09:01,User_1901,User_6857,4894.77,Chennai,12,Safe
UPIAAE80A38C3F4,2023-01-18 06:29:14,User_6606,User_5762,4653.95,Pune,6,Safe
UPIF20AC8A6114A,2023-10-22 13:06:11,User_8652,User_7274,2110.44,Kolkata,13,Safe
UPICBAC1615EA89,2023-06-21 09:33:11,User_3499,User_7445,8342.17,Mumbai,9,Safe
UPI33A4CB75EE7D,2023-05-14 19:52:33,User_2273,User_3207,5518.19,Bangalore,19,Safe
UPI743920118E70,2023-01-20 11:42:57,User_4911,User_2277,6783.32,Chennai,11,Safe
UPI062C418FCFE5,2023-09-04 17:29:45,User_7034,User_8361,7781.99,Jaipur,17,Safe
UPI0897BFFC898C,2023-08-20 07:18:40,User_7419,User_2936,8384.85,Mumbai,7,Safe
UPI3BE2F5E48FD4,2023-08-25 09:59:05,User_8607,User_2509,445.33,Ahmedabad,9,Safe
UPI5A11F3CD4105,2023-06-15 07:25:00,User_2792,User_2138,1765.02,Chennai,7,Safe
UPI8BA295E8916E,2023-07-31 22:30:19,User_7264,User_1672,7870.76,Pune,22,Safe
UPI8246C7550172,2023-10-18 14:24:43,User_5612,User_2221,9779.05,Pune,14,Safe
UPI356AE99F9E04,2023-11-08 09:15:27,User_6927,User_4695,4407.97,Ahmedabad,9,Safe
UPI5B3AAB2F9341,2023-08-09 09:41:52,User_6060,User_9181,6852.8,Delhi,9,Safe
UPI2E7164272D4A,2023-02-13 09:41:06,User_1436,User_4485,1254.36,Chennai,9,Safe
UPI5C5CC7D918EE,2023-05-12 08:17:39,User_4054,User_5327,2995.23,Kolkata,8,Safe
UPI796BB17DC2F7,2023-03-29 23:12:58,User_3347,User_3840,3729.29,Chennai,23,Safe
UPI2F12CB73523D,2023-10-21 12:29:05,User_7248,User_1146,430.12,Lucknow,12,Safe
UPI6D29B985AD7F,2023-02-13 21:16:58,User_9119,User_6821,9892.77,Lucknow,21,Safe
UPI60ADA842BDFB,2023-01-07 20:43:00,User_7747,User_8828,7796.14,Bangalore,20,Safe
UPI4C9BBFD3C821,2023-02-28 17:05:27,User_6372,User_4371,1308.28,Hyderabad,17,Safe
UPI203F1EAA9224,2023-07-26 16:54:50,User_3094,User_5796,6772.39,Kolkata,16,Safe
UPI4EAB2F991084,2023-05-25 23:34:42,User_2383,User_1967,991.55,Hyderabad,23,Safe
UPI092859A8C93C,2023-03-17 14:08:40,User_5206,User_3702,3989.6,Kolkata,14,Safe
UPI630C0C685C11,2023-02-03 07:30:27,User_9157,User_9290,905.39,Pune,7,Safe
UPIAF4BC236F86C,2023-01-13 13:25:09,User_7995,User_6304,8996.76,Bangalore,13,Safe
UPIEE7F6D603E31,2023-10-29 10:18:41,User_8771,User_6983,3865.15,Hyderabad,10,Safe
UPIE0FF4E62F9CC,2023-06-29 17:12:42,User_6980,User_2019,8077.97,Jaipur,17,Safe
UPI02DDF2DC3501,2023-03-05 22:45:15,User_9701,User_3848,5113.28,Bangalore,22,Safe
UPI244A291B9B09,2023-11-17 14:06:15,User_4504,User_8381,7496.32,Bangalore,14,Safe
UPIAF9DBC3CCB64,2023-07-29 14:07:27,User_1998,User_8326,2269.82,Lucknow,14,Safe
UPID57C2171DB27,2023-03-21 08:56:26,User_1441,User_6450,3417.38,Lucknow,8,Safe
UPIB127FA56A8DF,2023-12-21 07:12:04,User_3604,User_4936,8024.81,Ahmedabad,7,Safe
UPI3A3C61836DF8,2023-03-11 20:40:36,User_8523,User_1239,9081.99,Bangalore,20,Safe
UPI08368394E1CF,2023-05-18 18:41:30,User_5631,User_2520,2445.7,Mumbai,18,Safe
UPI68E232EE01F5,2023-01-24 20:43:28,User_2790,User_6359,5510.16,Delhi,20,Safe
UPI4B4098F86F86,2023-01-11 21:14:47,User_4791,User_8033,9949.13,Hyderabad,21,Safe
UPI469225AE40A0,2023-03-19 13:45:05,User_6125,User_8249,6549.65,Kolkata,13,Safe
UPI5E370AFDE08F,2023-10-17 06:43:11,User_1514,User_8785,3000.19,Pune,6,Safe
UPI2361935C3229,2023-07-27 10:45:52,User_3375,User_2694,7605.24,Jaipur,10,Safe
UPIB9E8C4460C43,2023-01-29 13:10:32,User_7117,User_8694,3084.76,Pune,13,Safe
UPIA249C50016BD,2023-10-30 08:39:55,User_7697,User_4285,2591.32,Lucknow,8,Safe
UPI75AE3E50C589,2023-01-27 11:40:47,User_7570,User_2083,7553.69,Bangalore,11,Safe
UPI2582383F8801,2023-10-26 18:39:25,User_5677,User_5082,1984.46,Chennai,18,Safe
UPIDCEB53BF2E38,2023-10-28 17:00:18,User_1932,User_1282,1137.59,Kolkata,17,Safe
UPIC32D6D8C294C,2023-05-17 20:02:50,User_4850,User_1277,7305.33,Mumbai,20,Safe
UPIABE0AA682FCA,2023-07-29 21:31:19,User_5467,User_6498,7526.18,Lucknow,21,Safe
UPI655E0431F008,2023-05-10 20:43:43,User_5217,User_8685,9205.69,Jaipur,20,Safe
UPIE0FDC5424609,2023-11-17 01:28:48,User_8155,User_3166,423192.5,Hyderabad,1,High Risk (Amount Outlier)
UPIB13DD4BD3E14,2023-01-22 22:36:25,User_9234,User_5118,2779.66,Delhi,22,Safe
UPI38887FAC9F98,2023-09-17 08:02:01,User_5364,User_9003,2173.08,Delhi,8,Safe
UPI3D9DF9030E85,2023-10-18 22:57:02,User_7356,User_1380,8535.21,Lucknow,22,Safe
UPIB545A908F91C,2023-12-06 17:55:00,User_3129,User_8316,1710.5,Delhi,17,Safe
UPIE5921B32AB69,2023-03-08 17:14:34,User_6647,User_5023,7482.36,Ahmedabad,17,Safe
UPI8244C024DE16,2023-10-11 07:28:31,User_5216,User_4447,5320.61,Delhi,7,Safe
UPIF9D45540EEB8,2023-01-31 19:10:28,User_8620,User_4418,7736.89,Hyderabad,19,Safe
UPI0CC4DDAF9FAF,2023-01-27 09:10:22,User_2388,User_4204,5917.19,Ahmedabad,9,Safe
UPIA006017DE9C1,2023-08-20 08:55:09,User_6602,User_8766,8632.41,Chennai,8,Safe
UPI27259193D48F,2023-09-02 07:11:41,User_8506,User_3466,4655.35,Pune,7,Safe
UPI75A9353F8765,2023-06-29 16:20:00,User_2975,User_7973,6376.77,Lucknow,16,Safe
UPIC41F5B845214,2023-01-28 17:41:57,User_1260,User_4153,7031.9,Delhi,17,Safe
UPIE17395CBE53A,2023-02-13 14:29:28,User_8069,User_2171,1402.69,Delhi,14,Safe
UPICCF346B779F5,2023-10-02 23:12:45,User_8837,User_6325,7677.95,Bangalore,23,Safe
UPIF37EA743111D,2023-09-05 12:57:41,User_7015,User_1477,2889.84,Bangalore,12,Safe
UPI7708F5C3FD13,2023-07-26 12:57:22,User_6050,User_3157,7597.39,Mumbai,12,Safe
UPI138B1F2CF110,2023-08-20 20:57:19,User_5869,User_3788,4596.89,Hyderabad,20,Safe
UPID64F5E246344,2023-08-03 21:27:12,User_1564,User_6878,7273.03,Kolkata,21,Safe
UPIBC47774A310F,2023-11-23 23:53:18,User_9255,User_3215,2976.59,Hyderabad,23,Safe
UPIF15C0EDC58B4,2023-07-30 21:43:17,User_1639,User_4407,3443.91,Bangalore,21,Safe
UPI0DC09B05C104,2023-05-16 17:52:37,User_7173,User_9355,6188.36,Ahmedabad,17,Safe
UPIFEB382EDA9C2,2023-08-09 16:29:11,User_9595,User_2810,4805.64,Jaipur,16,Safe
UPI32635F9DAB74,2023-04-06 21:22:04,User_7034,User_5728,3539.69,Pune,21,Safe
UPI680823857746,2023-02-27 23:35:02,User_7726,User_5643,8113.38,Pune,23,Safe
UPI06949169AB9A,2023-05-23 20:42:42,User_1803,User_7080,3689.38,Kolkata,20,Safe
UPI5602D218F59A,2023-08-27 11:15:06,User_5867,User_3841,8655.19,Jaipur,11,Safe
UPI083224BE2CA3,2023-11-19 23:49:55,User_4278,User_4833,5898.13,Delhi,23,Safe
UPID35AEEED73FF,2023-12-22 10:01:44,User_9053,User_1643,9215.81,Bangalore,10,Safe
UPI7B96AFCB1EFB,2023-01-07 08:08:43,User_2036,User_8535,6972.65,Bangalore,8,Safe
UPI0975D595ED65,2023-08-02 15:06:42,User_2853,User_6829,4893.21,Hyderabad,15,Safe
UPI32D1243A45AC,2023-11-27 20:19:39,User_4224,User_4087,5764.53,Bangalore,20,Safe
UPIA7F5106C7190,2023-07-12 10:06:44,User_4941,User_3070,3094.15,Mumbai,10,Safe
UPID3BB72FCCB42,2023-04-14 15:36:24,User_8452,User_6620,7075.37,Hyderabad,15,Safe
UPI02E1431D304C,2023-10-28 12:47:41,User_7238,User_2091,4707.89,Bangalore,12,Safe
UPI83D32D836A4F,2023-01-23 21:26:14,User_2989,User_4486,4605.13,Pune,21,Safe
UPI2A2D4AF13DAF,2023-01-19 15:57:07,User_3120,User_1569,5003.36,Pune,15,Safe
UPI4776F024064C,2023-11-11 13:01:18,User_7471,User_3466,1995.05,Delhi,13,Safe
UPI0B98A28D49D0,2023-08-10 03:29:14,User_7870,User_8153,156103.92,Ahmedabad,3,High Risk (Amount Outlier)
UPI8F44179956C7,2023-04-22 06:22:38,User_3858,User_1293,9061.41,Delhi,6,Safe
UPI0CD351A1A248,2023-06-07 17:23:14,User_4920,User_6643,3793.75,Ahmedabad,17,Safe
UPID19391898D20,2023-09-11 17:00:03,User_5843,User_6165,9119.5,Hyderabad,17,Safe
UPI86FB1598B816,2023-01-25 17:30:03,User_4763,User_9805,7879.8,Hyderabad,17,Safe
UPI921DC38252E4,2023-04-06 06:20:09,User_6560,User_9661,3266.25,Chennai,6,Safe
UPI28424F111C57,2023-10-19 23:38:32,User_6085,User_8071,8306.12,Ahmedabad,23,Safe
UPI95BC602F5E8A,2023-07-05 09:08:27,User_4894,User_2594,5417.84,Mumbai,9,Safe
UPIEC58826D8E67,2023-03-27 07:57:54,User_9762,User_6183,659.97,Delhi,7,Safe
UPI80220B0B165A,2023-12-07 23:14:28,User_3980,User_5895,2413.9,Lucknow,23,Safe
UPI064097A62A9A,2023-12-21 16:03:32,User_6469,User_8461,5454.44,Bangalore,16,Safe
UPI49A51565076C,2023-03-04 09:56:52,User_5938,User_3898,8093.89,Delhi,9,Safe
UPI4DE96EE905B1,2023-11-03 08:17:31,User_7072,User_2183,6959.59,Chennai,8,Safe
UPI199EEF3D61A0,2023-11-14 08:26:53,User_8973,User_2480,5609.03,Delhi,8,Safe
UPIB57CE1C6706B,2023-08-14 19:21:26,User_2541,User_5872,9117.87,Hyderabad,19,Safe
UPI07C812C31F2F,2023-03-27 17:02:04,User_3076,User_2688,1411.95,Lucknow,17,Safe
UPI792B7B589C3A,2023-05-31 12:11:44,User_9839,User_8466,8619.35,Bangalore,12,Safe
UPI1F012A9C67BC,2023-04-02 04:45:28,User_1501,User_6939,119945.54,Jaipur,4,High Risk (Amount Outlier)
UPI259ED98443DC,2023-08-08 12:48:45,User_3839,User_7840,8434.47,Delhi,12,Safe
UPI7D392CE1E296,2023-01-30 22:45:08,User_2923,User_2921,5216.46,Ahmedabad,22,Safe
UPI56E73EDA193A,2023-03-09 18:21:24,User_4778,User_4960,5611.94,Hyderabad,18,Safe
UPI5B5A8621C821,2023-09-20 22:22:29,User_8749,User_5009,6366.1,Ahmedabad,22,Safe
UPIF87E39A39868,2023-12-30 01:37:47,User_1549,User_6612,442411.31,Mumbai,1,High Risk (Amount Outlier)
UPI6974E324FB97,2023-11-25 20:26:20,User_7975,User_4828,591.83,Delhi,20,Safe
UPIF8E8E15B0CF5,2023-05-30 16:51:52,User_5875,User_5895,1474.25,Ahmedabad,16,Safe
UPIC2AC12817BF6,2023-03-20 13:43:11,User_2600,User_7825,6690.38,Bangalore,13,Safe
UPIBFB87A7B42FE,2023-08-03 19:21:00,User_8198,User_6417,4314.61,Lucknow,19,Safe
UPI3CDB8D0DC5A7,2023-01-14 18:01:33,User_9952,User_4845,6152.08,Bangalore,18,Safe
UPIAE58E19C307F,2023-05-24 14:04:35,User_4521,User_3875,4982.61,Delhi,14,Safe
UPI1B4DF2B2AB84,2023-04-20 21:44:16,User_6646,User_4287,883.05,Kolkata,21,Safe
UPI444844A5C101,2023-04-01 10:38:28,User_9626,User_4516,8930.34,Jaipur,10,Safe
UPID9BFB8A72B4C,2023-07-30 19:56:57,User_6181,User_1145,8899.21,Delhi,19,Safe
UPIE799465BF449,2023-10-12 06:44:54,User_5400,User_7011,2060.59,Chennai,6,Safe
UPI98F58C4AC7A3,2023-01-11 23:26:14,User_5193,User_1113,7289.44,Delhi,23,Safe
UPI0B52B7BC7FC9,2023-09-09 08:03:59,User_2655,User_8942,9257.23,Jaipur,8,Safe
UPID3D5945CAD4A,2023-09-09 17:06:55,User_4564,User_7061,9137.06,Pune,17,Safe
UPI088387EB020C,2023-03-04 22:04:25,User_8197,User_8406,2108.64,Pune,22,Safe
UPI866335B852C7,2023-02-28 23:03:17,User_1312,User_5485,992.58,Ahmedabad,23,Safe
UPIB3FCA9604B05,2023-06-06 23:22:51,User_6141,User_9698,1097.8,Lucknow,23,Safe
UPIE4304704E5B1,2023-10-26 06:09:51,User_4987,User_2956,8074.73,Hyderabad,6,Safe
UPI4B264C40B856,2023-05-31 08:57:21,User_7444,User_5854,9633.54,Kolkata,8,Safe
UPI0F9651C26FAB,2023-09-08 16:43:31,User_3562,User_1840,6239.69,Jaipur,16,Safe
UPI1031885B05CA,2023-05-03 11:33:03,User_5526,User_5558,7769.99,Hyderabad,11,Safe
UPI69DC5B14B21E,2023-02-21 17:18:27,User_4970,User_6051,8362.59,Pune,17,Safe
UPI03BBB7439EDB,2023-12-07 08:48:09,User_4762,User_7699,8265.73,Chennai,8,Safe
UPI1C334FDC6784,2023-08-10 17:17:58,User_4693,User_3509,4969.72,Jaipur,17,Safe
UPIB7E70699E8D8,2023-06-19 21:30:12,User_5924,User_9113,148.7,Delhi,21,Safe
UPI89B2D601D0C0,2023-05-17 17:00:04,User_8506,User_5111,9771.19,Lucknow,17,Safe
UPID45CC05D73C4,2023-10-06 10:55:26,User_4066,User_2802,9700.38,Hyderabad,10,Safe
UPI8C11F5E952FA,2023-06-26 07:43:29,User_3562,User_2355,8175.26,Ahmedabad,7,Safe
UPIBC14C6FCE21D,2023-12-04 16:54:48,User_9100,User_5249,4497.05,Kolkata,16,Safe
UPIDDF9D6953F9A,2023-01-14 20:37:27,User_5054,User_2935,8634.57,Chennai,20,Safe
UPI21335C36E244,2023-06-02 20:44:07,User_7118,User_7531,7935.73,Hyderabad,20,Safe
UPIFB94CA4AA43C,2023-11-28 16:22:28,User_3042,User_8963,356.32,Bangalore,16,Safe
UPI302AD06A620E,2023-06-02 20:19:46,User_2714,User_4318,8817.16,Jaipur,20,Safe
UPI7F3D8A45A211,2023-04-01 04:04:14,User_9165,User_7357,188068.85,Delhi,4,High Risk (Amount Outlier)
UPI5FC9E632AEEF,2023-03-09 18:55:03,User_5327,User_7333,3263.21,Mumbai,18,Safe
UPIEC1DCD241385,2023-04-20 10:07:15,User_4030,User_6013,8584.61,Hyderabad,10,Safe
UPIB8B922479A12,2023-09-22 13:57:13,User_7354,User_8371,7944.41,Jaipur,13,Safe
UPI6491C0C2FA51,2023-04-05 09:27:19,User_9235,User_3605,1615.94,Jaipur,9,Safe
UPI5BF689090F5C,2023-03-16 19:10:12,User_9239,User_1682,5036.69,Lucknow,19,Safe
UPI68F765C51C36,2023-03-02 20:45:46,User_9832,User_8990,7553.96,Bangalore,20,Safe
UPI872FD6E4EAFB,2023-11-18 06:13:48,User_1968,User_7456,6073.71,Hyderabad,6,Safe
UPI474354007A86,2023-10-10 23:46:39,User_9077,User_4032,1672.04,Lucknow,23,Safe
UPI0A4AA9D11D44,2023-02-15 09:06:25,User_6421,User_3538,4866.28,Chennai,9,Safe
UPI3EE84F6AB21F,2023-11-03 03:04:10,User_9733,User_3157,291399.68,Kolkata,3,High Risk (Amount Outlier)
UPIC15EA3FAC672,2023-03-02 20:49:06,User_1652,User_2771,3961.46,Hyderabad,20,Safe
UPI87D50E55231E,2023-01-25 06:25:38,User_1207,User_8686,4241.81,Mumbai,6,Safe
UPI83CF716EFFC1,2023-04-13 19:53:18,User_4443,User_7385,8544.26,Kolkata,19,Safe
UPIBBBF3AD9FF65,2023-11-27 09:56:36,User_3395,User_7488,914.16,Mumbai,9,Safe
UPIABE103A8C90D,2023-09-30 06:33:22,User_2257,User_3511,8320.63,Delhi,6,Safe
UPI82FBC8D6830B,2023-11-16 22:56:52,User_7687,User_2812,8315.86,Chennai,22,Safe
UPI650A4E927064,2023-02-05 19:58:38,User_7993,User_5003,530.71,Ahmedabad,19,Safe
UPI79CB437EE6CE,2023-08-28 23:00:30,User_1039,User_3606,8107.36,Lucknow,23,Safe
UPIE83123D43B01,2023-08-28 11:03:03,User_5111,User_7580,902.97,Ahmedabad,11,Safe
UPIA1643E17B344,2023-01-13 15:16:31,User_5822,User_8721,5560.61,Jaipur,15,Safe
UPI80AECB492F85,2023-09-12 14:29:36,User_7864,User_9258,6632.56,Mumbai,14,Safe
UPI2412CD5F5A80,2023-05-31 12:45:30,User_9094,User_8506,1851.43,Hyderabad,12,Safe
UPIFE6DBC26BF0B,2023-12-08 16:07:53,User_6947,User_5824,7579.7,Mumbai,16,Safe
UPI736B12F298DD,2023-03-05 10:17:10,User_8671,User_5440,3338.94,Hyderabad,10,Safe
UPI659E749A3F1E,2023-05-12 19:42:07,User_2038,User_6007,2410.09,Lucknow,19,Safe
UPI8658B55E1482,2023-03-26 19:23:58,User_4827,User_1240,2878.85,Delhi,19,Safe
UPI8A2397E08206,2023-11-18 07:34:37,User_9803,User_3763,4543.1,Bangalore,7,Safe
UPID0547AC21A0F,2023-01-03 18:35:51,User_3339,User_7003,3081.63,Jaipur,18,Safe
UPIB4BF9600B285,2023-03-11 09:09:36,User_4143,User_4085,4273.25,Mumbai,9,Safe
UPIF89CF9B7FCE7,2023-10-17 13:52:17,User_4065,User_4920,2053.16,Lucknow,13,Safe
UPIBCAACEAD3B8E,2023-07-12 18:33:19,User_8011,User_4151,9263.61,Lucknow,18,Safe
UPIAEADD8638A96,2023-10-20 11:40:45,User_9906,User_5317,5352.03,Kolkata,11,Safe
UPI7BC1C915DC6B,2023-09-15 17:05:31,User_1977,User_1749,5393.36,Lucknow,17,Safe
UPI302667C41ADA,2023-09-04 21:11:21,User_3620,User_7797,8845.45,Pune,21,Safe
UPI7B1A35E912B1,2023-08-11 19:56:41,User_8684,User_2640,6079.91,Mumbai,19,Safe
UPIB172C4BA14AF,2023-03-28 10:02:10,User_5192,User_6594,8941.25,Jaipur,10,Safe
UPIBD7D1026B56B,2023-07-10 08:08:22,User_7594,User_1614,119.03,Chennai,8,Safe
UPI4407CEE891AB,2023-09-08 13:58:46,User_7750,User_4027,7394.15,Ahmedabad,13,Safe
UPI4D72C455CA91,2023-05-06 23:55:17,User_2382,User_9500,5388.14,Ahmedabad,23,Safe
UPI8A8CE1BE0AA9,2023-01-25 14:14:27,User_5836,User_4406,5002.06,Lucknow,14,Safe
UPI3E3BAFE70CE0,2023-03-09 21:34:27,User_7061,User_3096,4209.29,Kolkata,21,Safe
UPID523523978F8,2023-12-12 12:30:39,User_7694,User_1869,269.3,Bangalore,12,Safe
UPIE51BCD894087,2023-01-03 18:50:29,User_5022,User_4597,2477.72,Ahmedabad,18,Safe
UPI2573ACF7ECA7,2023-10-25 17:38:43,User_5318,User_5162,551.99,Bangalore,17,Safe
UPIEEF9A49C0A38,2023-10-12 22:22:16,User_3701,User_3276,3789.54,Mumbai,22,Safe
UPI7F8B22B9370F,2023-09-24 18:31:18,User_6773,User_9914,7947.97,Bangalore,18,Safe
UPI17985495CFDD,2023-12-03 12:04:29,User_6947,User_2768,9449.37,Kolkata,12,Safe
UPIF05A2E21328D,2023-10-02 16:32:18,User_3249,User_1721,8144.72,Jaipur,16,Safe
UPIF8E2B49E2433,2023-05-23 20:58:53,User_2621,User_1874,1980.65,Mumbai,20,Safe
UPI125AB05B9B9C,2023-07-01 15:08:52,User_8286,User_8301,6791.65,Kolkata,15,Safe
UPIC177E6114D99,2023-07-11 06:37:16,User_5568,User_1972,9078.88,Mumbai,6,Safe
UPI14AFE30470CE,2023-05-09 09:42:20,User_5895,User_4456,501.19,Jaipur,9,Safe
UPI8F13FEE7AD25,2023-01-18 08:48:33,User_1733,User_2747,7458.18,Bangalore,8,Safe
UPIDC0721306D47,2023-12-21 12:12:45,User_2275,User_7686,4240.36,Delhi,12,Safe
UPI44D76C5F3D14,2023-10-07 07:19:50,User_1568,User_2117,9883.5,Chennai,7,Safe
UPI319B96062C44,2023-07-25 21:00:33,User_1907,User_4732,9527.24,Ahmedabad,21,Safe
UPID4592053AE90,2023-09-29 09:44:04,User_7320,User_1672,4685.54,Hyderabad,9,Safe
UPI043286F75629,2023-09-01 07:06:21,User_9250,User_6339,9146.57,Delhi,7,Safe
UPI13824B4B705B,2023-02-13 20:02:49,User_8263,User_8315,262.25,Chennai,20,Safe
UPIC5766113F67D,2023-03-27 17:01:21,User_7880,User_6629,7000.0,Mumbai,17,Safe
UPIFF35DA0F70B9,2023-06-29 13:18:28,User_7679,User_4679,1402.44,Chennai,13,Safe
UPI02F1ED6B0D32,2023-06-22 06:54:59,User_1240,User_7013,7977.83,Chennai,6,Safe
UPI0E7252114322,2023-06-23 21:30:47,User_4039,User_4402,4171.52,Jaipur,21,Safe
UPI872418870220,2023-07-20 19:46:31,User_2090,User_5535,3608.81,Pune,19,Safe
UPIEEEB515A56D5,2023-01-03 06:27:41,User_5894,User_9109,7479.63,Lucknow,6,Safe
UPIE721686D8A3C,2023-02-15 08:32:14,User_6388,User_1599,1661.18,Bangalore,8,Safe
UPI21DAE4EE981F,2023-06-19 06:45:15,User_2839,User_7750,53.59,Jaipur,6,Safe
UPI17D6A4629629,2023-12-11 01:17:20,User_2821,User_6259,146885.39,Kolkata,1,High Risk (Amount Outlier)
UPIA49D59679D3C,2023-11-17 11:24:39,User_3255,User_9268,8499.65,Bangalore,11,Safe
UPI35135E7FD926,2023-09-25 14:17:52,User_2134,User_1201,1024.18,Lucknow,14,Safe
UPIEFC86E2003F6,2023-06-17 23:28:27,User_3774,User_3765,8375.87,Bangalore,23,Safe
UPI76222CD246A4,2023-10-13 10:10:28,User_8080,User_6929,3341.7,Pune,10,Safe
UPI88D76B2847D3,2023-12-07 15:16:42,User_4925,User_1678,8464.92,Kolkata,15,Safe
UPIE2880CAA1743,2023-01-03 07:13:29,User_1519,User_8806,4708.29,Delhi,7,Safe
UPI66B9BB6D0268,2023-03-20 14:52:04,User_2523,User_6398,3839.28,Kolkata,14,Safe
UPI9AAA6F688B60,2023-03-13 18:27:54,User_7954,User_2585,7688.64,Lucknow,18,Safe
UPI978C3BEF194B,2023-11-02 18:22:03,User_5791,User_6768,7861.05,Bangalore,18,Safe
UPI7E37149DD64E,2023-09-02 10:23:09,User_2877,User_8499,5107.23,Kolkata,10,Safe
UPI4A71AAE02B75,2023-12-15 11:35:51,User_7534,User_8159,3353.57,Jaipur,11,Safe
UPI4B665DB8DF0D,2023-02-14 18:05:31,User_9253,User_8001,7937.42,Chennai,18,Safe
UPIC2C0638188CD,2023-04-28 13:29:12,User_9282,User_4654,9277.85,Jaipur,13,Safe
UPI115EF911A268,2023-12-02 07:43:42,User_8892,User_5818,6121.76,Delhi,7,Safe
UPICD2C99C92ACD,2023-09-20 22:38:49,User_1259,User_5908,5138.94,Jaipur,22,Safe
UPIC4A17C72AD80,2023-11-25 23:10:32,User_9958,User_8575,7239.9,Lucknow,23,Safe
UPI1EB9662A291C,2023-07-06 10:48:03,User_4043,User_2525,5518.59,Pune,10,Safe
UPI2A9C0F62DC09,2023-01-14 21:17:36,User_3028,User_5635,9682.99,Mumbai,21,Safe
UPI1494D19E03AA,2023-04-01 21:54:19,User_6351,User_1955,2513.42,Bangalore,21,Safe
UPIE612C2DCD4EE,2023-10-23 22:16:39,User_5980,User_4277,3064.09,Delhi,22,Safe
UPID48319B692A7,2023-04-29 07:01:44,User_9870,User_4339,7841.16,Jaipur,7,Safe
UPI680040E7C394,2023-03-03 11:05:15,User_3360,User_3835,6305.84,Bangalore,11,Safe
UPI0093EEAE23C7,2023-04-11 18:49:19,User_3804,User_3855,716.43,Ahmedabad,18,Safe
UPICE2FA812B863,2023-10-20 09:18:50,User_3487,User_4544,4515.01,Mumbai,9,Safe
UPI735703E15FD4,2023-07-03 12:58:31,User_1124,User_8557,6834.97,Chennai,12,Safe
UPIEFA1E9AFE7DD,2023-12-14 18:42:57,User_9091,User_8006,6331.23,Mumbai,18,Safe
UPIB8EB926376F7,2023-03-28 09:50:17,User_3845,User_2716,3845.42,Bangalore,9,Safe
UPI04B113B1CEA5,2023-11-20 18:09:07,User_9879,User_3802,9636.67,Bangalore,18,Safe
UPIE1683B523F29,2023-12-29 07:17:06,User_7122,User_6872,1478.49,Jaipur,7,Safe
UPI3191D9FFF416,2023-09-10 06:32:01,User_3175,User_6452,3523.64,Pune,6,Safe
UPI919E31AC4AE4,2023-07-17 15:53:57,User_3577,User_8797,1098.97,Hyderabad,15,Safe
UPI06411B03DEB9,2023-02-06 19:05:37,User_2212,User_7256,3132.73,Delhi,19,Safe
UPI65DD770BE386,2023-07-31 22:17:29,User_2526,User_8368,4558.69,Mumbai,22,Safe
UPI7A16DFF5486A,2023-06-08 12:56:39,User_6263,User_3729,8423.22,Jaipur,12,Safe
UPI26782FC2A6BD,2023-09-27 02:27:08,User_3041,User_4123,246957.69,Hyderabad,2,High Risk (Amount Outlier)
UPI9CCCEAB66974,2023-12-05 20:17:34,User_6339,User_1393,5058.17,Bangalore,20,Safe
UPIFC4F97E2169A,2023-05-23 08:15:54,User_2406,User_7349,8767.34,Kolkata,8,Safe
UPIE7883880F53F,2023-04-10 13:56:44,User_8577,User_7871,648.2,Hyderabad,13,Safe
UPI3FAA72F0A106,2023-09-09 08:48:03,User_1519,User_9178,3866.72,Chennai,8,Safe
UPI90E96E9373D3,2023-02-25 13:36:05,User_5683,User_9672,4821.02,Mumbai,13,Safe
UPI5071C1330B17,2023-11-04 11:43:07,User_8105,User_1449,5281.09,Ahmedabad,11,Safe
UPI386B838795DE,2023-06-28 14:53:37,User_3591,User_5014,6082.92,Bangalore,14,Safe
UPI6857718C02BE,2023-03-26 22:09:42,User_8854,User_6024,47.04,Jaipur,22,Safe
UPIEBC5631C6331,2023-11-15 17:03:13,User_6302,User_7229,9105.64,Mumbai,17,Safe
UPI3AF6A7126D94,2023-02-20 13:16:19,User_2267,User_2325,7254.45,Hyderabad,13,Safe
UPI137F5F31F9E3,2023-06-01 13:08:04,User_1616,User_7177,2146.29,Lucknow,13,Safe
UPIF17FAC811B98,2023-01-30 17:11:57,User_3241,User_2328,9354.01,Hyderabad,17,Safe
UPIC9CEC9B39536,2023-05-04 10:46:42,User_5058,User_7523,9208.8,Hyderabad,10,Safe
UPI3F3059992155,2023-03-10 20:27:07,User_9597,User_6647,339.89,Mumbai,20,Safe
UPI9193E9FF45B3,2023-08-07 14:18:13,User_9718,User_4055,9443.9,Kolkata,14,Safe
UPIEF2B929419DD,2023-07-25 17:39:56,User_5722,User_5699,5965.95,Bangalore,17,Safe
UPIE4065BD1D907,2023-09-03 22:40:24,User_1844,User_1645,8414.51,Delhi,22,Safe
UPI64EA983C0367,2023-09-04 08:41:51,User_6269,User_1024,8011.26,Mumbai,8,Safe
UPI39D7BF65D8B0,2023-06-09 23:46:58,User_2899,User_7497,4918.57,Delhi,23,Safe
UPIDBB23264BD2C,2023-11-11 18:33:50,User_6836,User_5899,742.8,Jaipur,18,Safe
UPI13F50142D3FF,2023-10-25 19:00:27,User_5737,User_9063,6756.95,Ahmedabad,19,Safe
UPI72431D5ED354,2023-08-27 23:15:40,User_1496,User_1859,4990.08,Hyderabad,23,Safe
UPI5508FF93464B,2023-07-14 07:47:39,User_9620,User_1668,7237.77,Pune,7,Safe
UPI0917E34EA97F,2023-08-15 08:29:20,User_6141,User_9470,5766.44,Kolkata,8,Safe
UPI442A7DDD0478,2023-08-26 21:31:36,User_9785,User_3605,895.55,Chennai,21,Safe
UPIE7F25517C7A3,2023-04-14 18:07:37,User_6483,User_9857,324.69,Delhi,18,Safe
UPIDEF461E5E60C,2023-01-30 12:24:37,User_7355,User_9822,7871.03,Bangalore,12,Safe
UPIAD402A8E6045,2023-08-20 23:55:42,User_5400,User_7263,7073.88,Lucknow,23,Safe
UPI389655A55E29,2023-03-06 22:26:05,User_3556,User_6012,9682.74,Chennai,22,Safe
UPICFD649A573CB,2023-04-25 15:54:40,User_9133,User_7903,4938.76,Chennai,15,Safe
UPI69D79ED37FE5,2023-02-04 20:05:41,User_1545,User_7831,2849.14,Hyderabad,20,Safe
UPI930165C5D0DC,2023-03-16 06:52:48,User_7535,User_6677,6716.35,Chennai,6,Safe
UPI58C884F77DDF,2023-10-24 20:00:46,User_2515,User_5739,6968.09,Mumbai,20,Safe
UPI14B96112F6BE,2023-08-19 17:50:34,User_1017,User_3096,6760.34,Hyderabad,17,Safe
UPI03F506A5628E,2023-04-11 17:12:39,User_6139,User_3974,6653.14,Bangalore,17,Safe
UPIB6CC27F0AF2F,2023-10-29 14:26:14,User_4804,User_7077,9842.54,Delhi,14,Safe
UPI6EEB9899FDD9,2023-11-15 12:13:41,User_6739,User_3392,5056.37,Jaipur,12,Safe
UPI758A1458E594,2023-07-08 12:16:29,User_2655,User_8752,8894.63,Bangalore,12,Safe
UPIE6A9C1EFE035,2023-07-14 17:18:25,User_5735,User_4374,9629.39,Jaipur,17,Safe
UPI88F04F9D371F,2023-01-10 23:28:04,User_4391,User_2057,6551.66,Lucknow,23,Safe
UPIFFB7171F1F71,2023-05-28 15:05:13,User_4435,User_1206,3315.42,Jaipur,15,Safe
UPI5A6F2D10114B,2023-11-19 07:32:23,User_4948,User_5680,6915.28,Delhi,7,Safe
UPIB84037155365,2023-03-25 03:30:30,User_8835,User_5950,345089.2,Kolkata,3,High Risk (Amount Outlier)
UPI8676ABE9E839,2023-12-17 08:01:00,User_1887,User_2301,529.83,Delhi,8,Safe
UPI0C2A2F26A226,2023-08-17 16:19:41,User_8256,User_8408,9784.6,Mumbai,16,Safe
UPI3E6D6C574B27,2023-06-02 20:53:10,User_2457,User_5028,708.03,Lucknow,20,Safe
UPIECC6822D5E5B,2023-06-02 13:03:59,User_7325,User_7041,7805.77,Mumbai,13,Safe
UPIE429F5B04CEA,2023-09-10 09:28:39,User_9035,User_8470,8607.99,Jaipur,9,Safe
UPI7332EC624395,2023-06-08 23:03:37,User_7476,User_6339,2799.32,Lucknow,23,Safe
UPI7CA2271B93CC,2023-08-11 08:53:01,User_6877,User_9778,5603.92,Ahmedabad,8,Safe
UPI56445D85965D,2023-05-08 07:48:02,User_9787,User_5727,6980.05,Chennai,7,Safe
UPIE0E46FC88F82,2023-04-01 10:48:27,User_6212,User_5377,7330.17,Delhi,10,Safe
UPI7E06E0389B0A,2023-10-06 18:41:50,User_1322,User_2341,5299.36,Delhi,18,Safe
UPID4C01EC821FA,2023-12-27 12:43:59,User_8363,User_5006,9610.2,Delhi,12,Safe
UPI0A80869F1DE0,2023-01-24 18:18:05,User_8457,User_2726,4618.13,Pune,18,Safe
UPI9F58BFC78438,2023-01-10 23:11:40,User_9746,User_9007,9791.32,Hyderabad,23,Safe
UPI23DC733E8A31,2023-09-17 12:25:47,User_5123,User_5757,8845.75,Kolkata,12,Safe
UPI9595F539EC2F,2023-03-23 07:50:11,User_9042,User_4775,9105.79,Ahmedabad,7,Safe
UPI86274EB3594A,2023-02-14 16:29:30,User_2170,User_8046,7367.1,Mumbai,16,Safe
UPI785873B5CF15,2023-08-02 19:44:54,User_3695,User_5299,9557.64,Kolkata,19,Safe
UPI47019720129C,2023-06-19 16:58:02,User_2776,User_1732,6600.08,Chennai,16,Safe
UPI9FB2B6A3B9EB,2023-06-07 19:53:27,User_2198,User_5386,6188.65,Bangalore,19,Safe
UPIB816D876F864,2023-04-02 13:17:33,User_2103,User_6934,7848.6,Pune,13,Safe
UPI44F7100E137A,2023-12-16 20:00:00,User_3045,User_4158,9801.92,Kolkata,20,Safe
UPI94CAC28C4044,2023-09-15 12:40:46,User_4855,User_3081,7917.39,Hyderabad,12,Safe
UPI8D93DA2605F1,2023-06-17 09:50:10,User_9027,User_5894,2718.92,Kolkata,9,Safe
UPIA55FECEE173D,2023-06-26 09:52:15,User_2890,User_3175,3458.72,Pune,9,Safe
UPIC157B0662D20,2023-12-28 07:31:36,User_1838,User_6961,1766.72,Pune,7,Safe
UPICB3178390D6A,2023-05-27 07:19:59,User_7856,User_4340,1793.03,Chennai,7,Safe
UPI248F1DDC62E5,2023-03-28 22:19:11,User_4129,User_2189,4406.6,Bangalore,22,Safe
UPI6C67D08FCF7D,2023-01-11 18:40:28,User_6277,User_2710,9271.19,Delhi,18,Safe
UPI2A7A9B56F48D,2023-03-24 10:30:53,User_6520,User_6691,6057.7,Kolkata,10,Safe
UPIA4792FC184D8,2023-12-21 12:51:12,User_7452,User_6917,4978.15,Jaipur,12,Safe
UPIDBDF9141BADE,2023-04-02 08:25:30,User_1062,User_9449,3082.55,Bangalore,8,Safe
UPI45F2602B54FA,2023-02-07 09:10:47,User_9795,User_8112,1996.59,Pune,9,Safe
UPI251D9C0A2001,2023-07-14 16:59:35,User_6065,User_2855,2515.4,Kolkata,16,Safe
UPID06A5BB08777,2023-11-25 20:16:53,User_9809,User_7999,338.3,Kolkata,20,Safe
UPI96CF0A2CC528,2023-05-11 13:02:36,User_5932,User_4425,8663.09,Kolkata,13,Safe
UPI78C9130DA38E,2023-06-03 15:09:13,User_6185,User_2107,5775.18,Lucknow,15,Safe
UPIE8866B0491AD,2023-02-09 06:58:23,User_6710,User_1798,3448.29,Ahmedabad,6,Safe
UPIB978EF1F3238,2023-03-01 02:03:45,User_8858,User_5368,483461.29,Hyderabad,2,High Risk (Amount Outlier)
UPID0ABB97DC23B,2023-08-20 18:27:58,User_7874,User_3302,7444.58,Chennai,18,Safe
UPID4BC428976EF,2023-08-04 16:25:56,User_6412,User_4625,6193.81,Hyderabad,16,Safe
UPIE426AD721C48,2023-09-28 20:46:24,User_2818,User_8754,335.51,Delhi,20,Safe
UPI2A84A8D89174,2023-02-08 20:45:45,User_2309,User_2148,5862.88,Mumbai,20,Safe
UPI6EA2E128DBC2,2023-06-20 21:15:55,User_4498,User_7573,2937.14,Kolkata,21,Safe
UPI5034B11406B2,2023-09-13 20:35:46,User_4204,User_4051,4350.57,Delhi,20,Safe
UPIFF604D935BBA,2023-02-03 22:54:17,User_3923,User_9800,9646.14,Ahmedabad,22,Safe
UPI94313DCC015B,2023-02-17 11:47:18,User_4213,User_1641,6985.84,Bangalore,11,Safe
UPI8849CA0E1858,2023-08-06 11:27:41,User_1851,User_9640,5235.08,Kolkata,11,Safe
UPIBAEC9978C4CD,2023-10-06 20:44:42,User_4232,User_8563,5963.75,Hyderabad,20,Safe
UPI13B7387886A4,2023-03-21 10:57:41,User_2294,User_3625,9289.81,Kolkata,10,Safe
UPICEC1871C866F,2023-07-29 10:17:35,User_8364,User_6515,1370.97,Hyderabad,10,Safe
UPIB9400FD4F6E0,2023-04-08 16:35:40,User_1145,User_2859,8352.34,Bangalore,16,Safe
UPIF1F29344E6B8,2023-06-17 19:55:22,User_4811,User_4294,1510.85,Pune,19,Safe
UPI6D9ADD2976E7,2023-11-01 09:54:04,User_7563,User_7659,2452.32,Lucknow,9,Safe
UPI46E1EA1B4EDC,2023-04-15 12:31:12,User_2948,User_4003,7377.6,Lucknow,12,Safe
UPIE74AFA519A75,2023-07-20 04:33:39,User_2308,User_1370,250384.7,Jaipur,4,High Risk (Amount Outlier)
UPI305529379FDE,2023-01-10 16:43:33,User_9183,User_7747,8835.39,Lucknow,16,Safe
UPI2F8C37F15CBB,2023-12-20 06:13:31,User_2517,User_4908,7666.1,Bangalore,6,Safe
UPID598C4E64F6F,2023-11-10 07:56:06,User_7658,User_8156,9151.58,Kolkata,7,Safe
UPI3E1407860851,2023-11-20 15:57:32,User_7708,User_1175,1896.58,Ahmedabad,15,Safe
UPI0912A078BA36,2023-08-18 20:23:01,User_6013,User_9748,7723.24,Delhi,20,Safe
UPI2F0A0070FCE7,2023-04-15 15:29:55,User_4852,User_2150,7410.27,Jaipur,15,Safe
UPIDDD60A0D2030,2023-12-15 23:42:11,User_6131,User_3072,7040.1,Kolkata,23,Safe
UPICBBA778E6B1D,2023-11-04 19:43:44,User_6966,User_6962,3405.0,Hyderabad,19,Safe
UPI205BED03F467,2023-10-21 15:48:54,User_4317,User_5907,8494.36,Pune,15,Safe
UPIA7C631774E61,2023-03-26 15:12:20,User_6616,User_7397,6073.67,Hyderabad,15,Safe
UPI0EA903E28C88,2023-06-25 06:36:26,User_4637,User_2950,3803.18,Bangalore,6,Safe
UPI7E1AC18BC2D8,2023-07-19 08:42:12,User_8123,User_3527,6896.72,Ahmedabad,8,Safe
UPI7C3BD4536BB3,2023-11-23 21:21:13,User_5082,User_7870,7795.34,Delhi,21,Safe
UPI0136A04E669D,2023-08-29 20:26:42,User_9108,User_8894,2335.95,Jaipur,20,Safe
UPI2D715CF28A5B,2023-07-21 16:24:12,User_8032,User_1880,9014.98,Delhi,16,Safe
UPI68287E769607,2023-06-02 03:18:07,User_4289,User_3465,255759.45,Hyderabad,3,High Risk (Amount Outlier)
UPI9DE1A779D0B9,2023-09-07 01:15:48,User_9514,User_5121,221097.15,Delhi,1,High Risk (Amount Outlier)
UPI1FB56B710A65,2023-11-16 21:50:06,User_1942,User_6478,7956.28,Mumbai,21,Safe
UPIF57C3674B772,2023-09-21 09:11:00,User_1349,User_6971,2069.34,Lucknow,9,Safe
UPIDD71215D361F,2023-07-23 12:00:12,User_1626,User_3486,8336.82,Bangalore,12,Safe
UPI5567CB5B49C5,2023-08-02 10:12:43,User_1804,User_1607,5683.57,Jaipur,10,Safe
UPIA489B30C9803,2023-08-11 19:41:08,User_7774,User_5019,5895.1,Bangalore,19,Safe
UPI3FFA6DF143DB,2023-10-06 19:14:40,User_7268,User_8567,3056.91,Hyderabad,19,Safe
UPI0FF1A98CF84E,2023-10-03 22:59:17,User_8551,User_7232,4819.06,Ahmedabad,22,Safe
UPI1F5B2464E3F3,2023-08-27 10:22:01,User_9452,User_1912,1372.47,Kolkata,10,Safe
UPI2283946A507E,2023-06-14 21:46:59,User_6942,User_6472,8930.7,Chennai,21,Safe
UPIEC3223BD1040,2023-08-01 09:06:58,User_4050,User_4188,7542.09,Jaipur,9,Safe
UPI79769037BD8F,2023-01-12 15:20:50,User_9866,User_3254,1521.67,Chennai,15,Safe
UPI719231383D8F,2023-07-11 16:23:22,User_8104,User_6883,831.26,Pune,16,Safe
UPIDE07CFE13799,2023-11-01 13:27:54,User_2360,User_6702,9408.45,Kolkata,13,Safe
UPIEFFBDCA687B0,2023-12-18 09:49:21,User_2418,User_5792,3879.29,Mumbai,9,Safe
UPI68344016A8F5,2023-02-20 13:11:15,User_2216,User_9787,7942.85,Mumbai,13,Safe
UPIDD76CB66BEEB,2023-09-01 06:01:57,User_7917,User_6634,7193.33,Ahmedabad,6,Safe
UPIC0F10DA8F29E,2023-04-14 09:06:23,User_7829,User_8428,8209.89,Jaipur,9,Safe
UPIB7D7C39E66A5,2023-09-22 11:39:41,User_9060,User_5052,7053.24,Delhi,11,Safe
UPIC857B70B4043,2023-07-02 22:46:36,User_2437,User_9069,2167.98,Ahmedabad,22,Safe
UPI70F41FE56087,2023-11-09 09:15:21,User_5991,User_1481,6943.3,Kolkata,9,Safe
UPI1F4105A8435B,2023-04-24 14:01:48,User_4555,User_5404,6936.37,Mumbai,14,Safe
UPI2A03CF57AA72,2023-04-21 12:50:07,User_7239,User_1837,9803.4,Mumbai,12,Safe
UPI42A61209CF4C,2023-11-03 19:39:26,User_6362,User_8838,116.26,Bangalore,19,Safe
UPIFB763037394A,2023-07-14 16:19:43,User_7400,User_6290,3388.09,Bangalore,16,Safe
UPI0005FD377599,2023-11-25 07:26:44,User_7351,User_3532,3721.18,Lucknow,7,Safe
UPIA075597CFAD8,2023-01-01 07:56:32,User_8698,User_1286,3491.37,Lucknow,7,Safe
UPI69005DCC438E,2023-05-23 23:15:50,User_8139,User_2313,3965.93,Mumbai,23,Safe
UPIE2D9BFC20FD1,2023-04-15 19:42:30,User_7381,User_4868,4245.79,Kolkata,19,Safe
UPIE168FAC6F28F,2023-08-19 21:24:35,User_1623,User_7990,5380.77,Chennai,21,Safe
UPI7BF38202427C,2023-11-19 20:43:45,User_4730,User_8287,9774.38,Mumbai,20,Safe
UPI5181E66031A0,2023-03-27 22:40:13,User_7387,User_6578,5122.03,Kolkata,22,Safe
UPIE66F02BC7D4E,2023-09-28 19:45:57,User_1400,User_6553,3752.55,Chennai,19,Safe
UPIB83DF6D2B0AD,2023-06-30 19:55:57,User_3225,User_1310,2305.77,Kolkata,19,Safe
UPIA99E6CD4D24A,2023-04-26 17:01:44,User_5355,User_3831,6721.3,Lucknow,17,Safe
UPI8FE155C8D001,2023-02-02 22:15:23,User_5209,User_7430,1468.11,Hyderabad,22,Safe
UPI0DE4B5E65311,2023-03-17 20:55:53,User_3988,User_7412,7763.62,Chennai,20,Safe
UPI989122259A26,2023-08-04 13:35:33,User_7573,User_7492,4544.84,Pune,13,Safe
UPID0BD07325444,2023-05-11 12:43:21,User_9871,User_1582,8959.16,Bangalore,12,Safe
UPI742D2E826B5B,2023-06-21 08:27:32,User_7317,User_3847,7076.14,Mumbai,8,Safe
UPIB9847428D7D1,2023-12-18 06:32:22,User_9310,User_3909,15.85,Ahmedabad,6,Safe
UPI48F9AA033528,2023-12-26 08:27:23,User_2697,User_8530,6496.64,Jaipur,8,Safe
UPI7D7A2EE38AF6,2023-07-24 15:21:39,User_9140,User_2597,6558.7,Delhi,15,Safe
UPI21127BA3D76A,2023-03-24 08:39:36,User_3576,User_6646,5324.45,Lucknow,8,Safe
UPI5627897774FE,2023-01-19 19:36:10,User_8855,User_4333,9735.14,Pune,19,Safe
UPI442FBB3E2507,2023-09-27 07:13:49,User_4930,User_2157,9696.82,Lucknow,7,Safe
UPI2A36B75CC6CC,2023-02-20 06:21:44,User_1454,User_5796,238.3,Chennai,6,Safe
UPI4790C33FF380,2023-11-14 13:10:41,User_1165,User_9470,6145.86,Mumbai,13,Safe
UPI8FC38B2911A6,2023-05-22 07:48:32,User_7601,User_6745,2269.56,Pune,7,Safe
UPI7F9C653BA726,2023-05-31 10:29:47,User_3730,User_2058,335.66,Pune,10,Safe
UPI1348D0441850,2023-11-12 07:36:22,User_6755,User_4786,9310.2,Pune,7,Safe
UPI1E04CB04C44A,2023-03-05 17:17:26,User_7982,User_3619,7655.14,Hyderabad,17,Safe
UPI4E857E876C47,2023-04-04 15:40:18,User_4241,User_2808,7949.14,Chennai,15,Safe
UPI82977FD67714,2023-08-23 22:19:23,User_4762,User_9088,5838.4,Bangalore,22,Safe
UPI35987409375F,2023-11-29 08:18:34,User_4682,User_3476,2312.85,Delhi,8,Safe
UPIA10B321D968A,2023-05-01 06:33:32,User_2601,User_6435,7648.12,Kolkata,6,Safe
UPIC1E88C9B0304,2023-01-12 15:18:26,User_2206,User_7430,1990.09,Mumbai,15,Safe
UPI0A6743BA5122,2023-10-06 23:34:28,User_7561,User_6315,6566.41,Hyderabad,23,Safe
UPIB314ED71895E,2023-10-28 20:37:57,User_9492,User_1850,4867.76,Ahmedabad,20,Safe
UPI8B503606D126,2023-04-03 08:13:17,User_2699,User_9138,1678.7,Kolkata,8,Safe
UPI740B665348BC,2023-05-27 15:11:40,User_7722,User_2048,2388.46,Kolkata,15,Safe
UPICEF2F903DBCC,2023-07-06 09:11:54,User_7059,User_2846,1595.92,Chennai,9,Safe
UPI0BF0779715B9,2023-03-24 20:34:22,User_4580,User_7399,574.24,Bangalore,20,Safe
UPIEF2E0E5A37FF,2023-07-27 15:42:10,User_3317,User_6352,5380.0,Bangalore,15,Safe
UPI70A744B07BFB,2023-08-31 08:56:29,User_3177,User_5825,3174.27,Hyderabad,8,Safe
UPIAB0889A6407D,2023-12-01 16:27:44,User_7663,User_5659,2911.92,Kolkata,16,Safe
UPIAA1343350C8B,2023-07-02 23:14:47,User_9358,User_5018,8558.36,Bangalore,23,Safe
UPI692ED040120C,2023-10-09 15:53:25,User_7064,User_4783,9094.76,Kolkata,15,Safe
UPI85FF43C7C4A5,2023-06-16 17:16:48,User_4229,User_2792,9836.13,Mumbai,17,Safe
UPIE21723A07C73,2023-09-22 18:49:25,User_8875,User_5139,209.02,Chennai,18,Safe
UPI5828A509E732,2023-05-18 16:17:30,User_9543,User_2711,6048.01,Ahmedabad,16,Safe
UPIF034AE559314,2023-08-11 16:55:12,User_2288,User_1419,9743.76,Delhi,16,Safe
UPI99380982FD35,2023-06-16 06:24:41,User_9768,User_5862,9197.62,Pune,6,Safe
UPI17ED9E12E20C,2023-08-11 18:40:52,User_4519,User_5321,3950.5,Lucknow,18,Safe
UPIDC908C0EA3E6,2023-04-27 18:39:32,User_7232,User_5392,3711.22,Hyderabad,18,Safe
UPIA1F72DFD4D03,2023-09-08 19:30:40,User_3460,User_6972,9208.61,Chennai,19,Safe
UPI04830A46E855,2023-12-02 04:54:19,User_4313,User_9810,481463.66,Hyderabad,4,High Risk (Amount Outlier)
UPI75108096B907,2023-04-12 09:48:21,User_6696,User_8855,6946.99,Hyderabad,9,Safe
UPIA8D41495A70D,2023-05-31 11:17:57,User_3473,User_4665,3459.75,Mumbai,11,Safe
UPIACFF799C2C15,2023-04-03 11:24:38,User_8201,User_7392,3113.65,Pune,11,Safe
UPI1E4FEDBB07CD,2023-03-30 23:32:07,User_4001,User_7147,2756.76,Kolkata,23,Safe
UPI5DBF56F8024D,2023-09-02 06:53:25,User_3130,User_6978,746.68,Delhi,6,Safe
UPIC32B957EF323,2023-07-11 16:16:03,User_2770,User_1080,9231.78,Kolkata,16,Safe
UPI2CD69DD29028,2023-07-14 20:58:39,User_7669,User_6527,7134.2,Bangalore,20,Safe
UPI185B1978E2C3,2023-08-24 08:23:36,User_2508,User_7518,6668.15,Pune,8,Safe
UPI7531C5D2E482,2023-12-13 06:17:58,User_3306,User_4580,5242.43,Ahmedabad,6,Safe
UPIF5226695ACE9,2023-04-29 20:19:46,User_8104,User_9216,4268.81,Bangalore,20,Safe
UPI848C6F423007,2023-09-22 21:26:30,User_7204,User_4015,9611.58,Ahmedabad,21,Safe
UPI994E4020AEB3,2023-11-13 11:05:58,User_9353,User_8924,2805.66,Delhi,11,Safe
UPICDB811E05982,2023-04-09 06:05:04,User_9140,User_4011,8459.84,Lucknow,6,Safe
UPI30828A402041,2023-03-31 19:40:41,User_3321,User_5852,8828.77,Lucknow,19,Safe
UPI8BCBCEB8F978,2023-12-18 13:31:53,User_4302,User_1307,5056.06,Jaipur,13,Safe
UPI07055DCDA6F9,2023-02-09 18:55:09,User_2317,User_1609,7920.18,Chennai,18,Safe
UPIC60B2CFD7D27,2023-10-17 13:40:37,User_9370,User_4152,8790.53,Pune,13,Safe
UPI738620CF702A,2023-06-21 06:13:18,User_4786,User_1303,8831.73,Chennai,6,Safe
UPI3723E2539C4F,2023-08-24 19:43:54,User_7080,User_2706,2101.32,Bangalore,19,Safe
UPI3EB95C8EF631,2023-05-14 09:22:04,User_8470,User_1904,9956.34,Kolkata,9,Safe
UPI16D1F9115260,2023-07-14 06:54:59,User_9361,User_9192,9098.03,Pune,6,Safe
UPI3FD97F10EE98,2023-07-18 02:34:33,User_2852,User_1872,56970.22,Kolkata,2,High Risk (Amount Outlier)
UPI851DD238192F,2023-08-25 17:51:39,User_8720,User_8570,3121.72,Lucknow,17,Safe
UPI96BB12DB5F10,2023-09-28 15:03:42,User_2209,User_2863,2390.77,Chennai,15,Safe
UPI944031DFB410,2023-07-26 16:35:00,User_4185,User_9688,1814.29,Hyderabad,16,Safe
UPIA280DEFD4B9E,2023-06-01 23:25:15,User_5455,User_2470,2018.43,Lucknow,23,Safe
UPIAAC4D1653AE6,2023-07-09 09:41:11,User_8095,User_7399,704.73,Hyderabad,9,Safe
UPIB2C5361944B5,2023-04-09 12:08:54,User_8331,User_8483,1441.56,Kolkata,12,Safe
UPIC152F1FF7B99,2023-04-09 17:19:56,User_8042,User_1181,661.75,Mumbai,17,Safe
UPIE76E64A37B85,2023-05-19 08:46:48,User_7200,User_8105,3950.3,Lucknow,8,Safe
UPI8E7FDA0155DE,2023-01-05 15:19:02,User_6392,User_2467,5375.65,Delhi,15,Safe
UPI8AB8B65655BF,2023-06-04 17:04:13,User_8042,User_8024,3137.47,Mumbai,17,Safe
UPI879E2251087B,2023-09-22 13:04:26,User_7593,User_2472,9192.32,Kolkata,13,Safe
UPI668810C8613C,2023-08-13 22:20:10,User_4120,User_6159,259.03,Jaipur,22,Safe
UPIFA9CCCF5A7DE,2023-05-24 10:37:16,User_1507,User_1287,7096.79,Delhi,10,Safe
UPIA02E830141B5,2023-11-16 12:39:50,User_5133,User_4318,3020.51,Chennai,12,Safe
UPI2E2D0D6E9A55,2023-05-31 13:41:20,User_8404,User_9601,8213.3,Lucknow,13,Safe
UPIAEA3C6E4C3E4,2023-06-25 22:15:52,User_2657,User_7760,8298.16,Hyderabad,22,Safe
UPI3AB53DE820E7,2023-06-03 12:53:18,User_6754,User_1970,193.46,Pune,12,Safe
UPI2B27E974A1A2,2023-12-16 11:31:42,User_8650,User_5678,155.93,Chennai,11,Safe
UPI27E736ED4FB6,2023-06-27 10:22:50,User_6504,User_8949,4160.92,Pune,10,Safe
UPIEF70433FD639,2023-08-05 20:53:45,User_2439,User_7338,1443.85,Bangalore,20,Safe
UPI2CED1FF8E64C,2023-08-31 09:35:40,User_3703,User_9812,7335.27,Jaipur,9,Safe
UPI6DA4B1FD07A4,2023-04-23 18:23:36,User_9996,User_6692,6804.6,Kolkata,18,Safe
UPIAECA67E67B66,2023-07-07 17:03:54,User_6522,User_2923,6617.11,Ahmedabad,17,Safe
UPID729487C59B8,2023-06-09 12:49:10,User_6391,User_5703,9820.48,Hyderabad,12,Safe
UPI12863052263A,2023-10-20 12:13:31,User_7317,User_3446,8180.98,Ahmedabad,12,Safe
UPI8BF3D1B80E77,2023-01-26 11:32:52,User_5031,User_1045,9302.49,Hyderabad,11,Safe
UPI03FF06BA8121,2023-10-10 18:25:18,User_5310,User_8303,9984.7,Jaipur,18,Safe
UPI435B79635C4A,2023-12-05 07:28:09,User_9309,User_8350,9645.86,Pune,7,Safe
UPIF8730A3C2A36,2023-10-11 08:01:05,User_7501,User_2773,2629.42,Jaipur,8,Safe
UPI65C2D10C2D1D,2023-05-30 20:47:26,User_1670,User_9623,4623.6,Ahmedabad,20,Safe
UPI461D7DA6DA49,2023-04-11 14:32:18,User_5600,User_8820,5195.78,Delhi,14,Safe
UPI0CF4B852BE6F,2023-04-15 21:35:25,User_2974,User_4661,4335.34,Kolkata,21,Safe
UPIDB5F67695F96,2023-06-04 15:35:10,User_3347,User_5835,2166.3,Chennai,15,Safe
UPI22588D779470,2023-03-02 22:32:57,User_7626,User_8951,3314.44,Mumbai,22,Safe
UPI151E73D025F1,2023-08-14 18:38:14,User_3649,User_1740,3888.79,Bangalore,18,Safe
UPI52E5B9FCF4B9,2023-08-15 23:20:35,User_6669,User_6041,613.83,Jaipur,23,Safe
UPI7E1100285B1B,2023-01-14 09:07:25,User_9002,User_3551,3944.44,Mumbai,9,Safe
UPI32D621A96239,2023-08-15 06:21:04,User_9130,User_8167,5126.19,Jaipur,6,Safe
UPIC80B7B1B5274,2023-10-17 16:00:36,User_6154,User_7811,5972.85,Pune,16,Safe
UPIAD78087834B2,2023-07-08 14:54:42,User_3996,User_6129,7522.02,Delhi,14,Safe
UPI227E27C469C4,2023-04-08 15:37:52,User_8772,User_8408,4874.77,Lucknow,15,Safe
UPI12C750E93A2B,2023-03-17 19:58:04,User_6200,User_6346,168.46,Delhi,19,Safe
UPI90C2E0CD5657,2023-02-13 16:19:09,User_3629,User_9680,3705.92,Kolkata,16,Safe
UPIAA5DE8527262,2023-05-02 17:43:56,User_5316,User_5758,1628.85,Ahmedabad,17,Safe
UPIB8BF0851AFBC,2023-06-08 08:35:28,User_7746,User_1558,5404.2,Delhi,8,Safe
UPI7C8FFAFF1D6A,2023-01-30 08:19:03,User_9003,User_6143,325.9,Ahmedabad,8,Safe
UPI2119F95209E7,2023-07-02 12:17:56,User_7592,User_8365,3649.0,Bangalore,12,Safe
UPI7AA89DCDA872,2023-09-26 21:10:55,User_7421,User_6498,5150.34,Bangalore,21,Safe
UPIBF2552664D05,2023-01-24 14:25:58,User_5735,User_9073,4751.6,Ahmedabad,14,Safe
UPI9213B09BF425,2023-06-02 23:09:21,User_3464,User_3641,3584.34,Jaipur,23,Safe
UPI3E99F5CABD4B,2023-04-07 17:56:02,User_1009,User_4188,3867.97,Lucknow,17,Safe
UPI6332D812DCBD,2023-05-09 14:17:21,User_8090,User_2553,7235.1,Pune,14,Safe
UPI6758BB350F98,2023-09-24 08:35:11,User_1996,User_7341,7292.93,Ahmedabad,8,Safe
UPI9C99C2ED5B49,2023-04-14 14:08:15,User_7233,User_4556,57.52,Chennai,14,Safe
UPI7AEBDE76712A,2023-01-22 14:37:04,User_8131,User_5885,9895.88,Lucknow,14,Safe
UPI6500CF1C7F19,2023-10-07 12:56:02,User_9979,User_2519,7229.99,Bangalore,12,Safe
UPI1C875F7C993A,2023-02-07 22:31:31,User_4915,User_3333,6983.76,Jaipur,22,Safe
UPI7441A0146276,2023-05-16 13:59:51,User_6787,User_3331,8615.9,Delhi,13,Safe
UPI30FEFCD77FCA,2023-06-25 22:53:02,User_8804,User_5043,8198.29,Bangalore,22,Safe
UPI00EEB0704744,2023-11-29 20:26:10,User_8007,User_1542,6449.06,Lucknow,20,Safe
UPI9126036A5975,2023-11-23 10:33:18,User_2094,User_5722,2000.54,Delhi,10,Safe
UPI525C51617969,2023-07-28 12:05:27,User_8166,User_6489,2570.03,Chennai,12,Safe
UPI0E8C769AB29B,2023-03-21 16:12:43,User_8671,User_1864,5241.31,Mumbai,16,Safe
UPI653A07B3706C,2023-08-08 10:00:04,User_7423,User_3604,2628.12,Kolkata,10,Safe
UPI58B4D1B02BB9,2023-12-09 14:16:46,User_8971,User_3423,3050.49,Ahmedabad,14,Safe
UPI88EEE0F33ECF,2023-03-09 09:08:53,User_2615,User_7476,4170.67,Kolkata,9,Safe
UPID9DFF23146DC,2023-09-26 14:59:40,User_9770,User_1599,3871.04,Ahmedabad,14,Safe
UPIF65DC94AFFF1,2023-11-27 18:33:09,User_9588,User_9908,6606.48,Bangalore,18,Safe
UPIC374A5EAF781,2023-09-14 02:28:07,User_5005,User_2625,414610.28,Chennai,2,High Risk (Amount Outlier)
UPI866662D1FBBA,2023-07-08 07:40:52,User_9389,User_4481,1668.74,Chennai,7,Safe
UPIA8661CFA8ED3,2023-05-12 16:34:27,User_1290,User_4223,1620.76,Kolkata,16,Safe
UPIF203326B609E,2023-05-07 18:20:49,User_6447,User_9279,9571.56,Pune,18,Safe
UPICF26C92A8DD1,2023-10-07 09:20:49,User_8084,User_1248,9489.75,Ahmedabad,9,Safe
UPI9EC43E04E03D,2023-05-11 18:33:56,User_4048,User_8816,7522.21,Bangalore,18,Safe
UPI6CE5E814AB59,2023-11-09 17:39:11,User_4305,User_2230,8330.37,Mumbai,17,Safe
UPI4D14751042F7,2023-05-07 02:05:59,User_5915,User_5621,313381.72,Chennai,2,High Risk (Amount Outlier)
UPIC7775132B01E,2023-07-01 22:44:12,User_5306,User_3041,1487.97,Ahmedabad,22,Safe
UPI8F6A2629ACBA,2023-01-24 12:35:43,User_7066,User_6867,8678.6,Mumbai,12,Safe
UPI3A8C262550AB,2023-08-06 09:51:11,User_3010,User_7188,2098.55,Delhi,9,Safe
UPI9F533EF0A86B,2023-04-18 14:50:13,User_4863,User_9729,1815.78,Pune,14,Safe
UPI38FC242C0613,2023-02-18 06:13:11,User_9133,User_4928,8465.41,Hyderabad,6,Safe
UPIB8517181BB28,2023-01-27 20:32:09,User_5940,User_8723,656.02,Ahmedabad,20,Safe
UPI26799326EA91,2023-12-24 12:56:55,User_3617,User_9537,1320.79,Jaipur,12,Safe
UPIC03228325751,2023-09-03 12:07:28,User_5761,User_2484,2634.84,Chennai,12,Safe
UPIAE5E557DEAB9,2023-07-25 21:54:45,User_9949,User_7835,1805.09,Ahmedabad,21,Safe
UPI6CEC79DCBFF6,2023-11-30 22:50:50,User_5854,User_4456,2100.06,Kolkata,22,Safe
UPI2A5BE073DAC2,2023-05-30 08:17:09,User_1315,User_3182,6761.82,Kolkata,8,Safe
UPI0C3851616538,2023-07-27 08:55:31,User_1417,User_2976,7378.96,Chennai,8,Safe
UPI2ED3B0B0D637,2023-06-11 03:46:31,User_5241,User_1935,461962.25,Delhi,3,High Risk (Amount Outlier)
UPIFF07209FAF56,2023-08-27 14:57:46,User_7753,User_2130,9163.84,Jaipur,14,Safe
UPI1230DB7D85A5,2023-08-23 07:36:53,User_7879,User_1401,4616.16,Pune,7,Safe
UPI9F169B0CC18C,2023-04-20 11:40:28,User_7504,User_6308,1462.63,Hyderabad,11,Safe
UPIBA358D9328C1,2023-05-01 10:55:57,User_2984,User_9695,8706.43,Pune,10,Safe
UPI5BA451D396B2,2023-11-29 22:36:02,User_6475,User_5089,652.97,Kolkata,22,Safe
UPI4DC2129C64DD,2023-05-31 11:57:50,User_4981,User_1971,631.42,Hyderabad,11,Safe
UPI402227E8DB34,2023-09-19 19:51:43,User_4011,User_9081,6946.92,Hyderabad,19,Safe
UPIFD196AA799C3,2023-12-09 22:47:54,User_5040,User_1149,9066.99,Jaipur,22,Safe
UPI32EC41619A8E,2023-02-16 03:58:22,User_1438,User_5425,475274.66,Bangalore,3,High Risk (Amount Outlier)
UPIF35F9B2B7026,2023-06-23 16:49:00,User_9564,User_5787,3863.29,Bangalore,16,Safe
UPI74D85D2BDE9E,2023-10-31 14:28:02,User_8359,User_3756,6263.8,Hyderabad,14,Safe
UPI949D7CBF124A,2023-02-10 07:44:46,User_7986,User_6123,1449.89,Bangalore,7,Safe
UPI2D9D12E56226,2023-08-04 21:38:56,User_7892,User_3739,1481.7,Lucknow,21,Safe
UPIEB846CCB3AF1,2023-08-18 17:51:34,User_2761,User_9560,9308.34,Hyderabad,17,Safe
UPIF546197C57F4,2023-07-21 12:33:22,User_1870,User_2175,8109.16,Hyderabad,12,Safe
UPI89C6353B910C,2023-07-05 10:54:02,User_6379,User_6388,6072.55,Delhi,10,Safe
UPI17C936BDE752,2023-12-06 20:35:53,User_3162,User_6970,9197.32,Jaipur,20,Safe
UPI770AF75BE641,2023-02-12 08:59:28,User_8876,User_9641,9993.7,Pune,8,Safe
UPI3B98BE0988CC,2023-10-10 12:56:36,User_1716,User_7892,2385.87,Mumbai,12,Safe
UPIBB9349F3F159,2023-10-07 17:04:29,User_7809,User_8005,566.5,Pune,17,Safe
UPI5991FF3756FB,2023-03-16 08:06:43,User_2508,User_7826,3049.77,Pune,8,Safe
UPI8A868E7B2795,2023-04-19 17:24:30,User_2529,User_5541,7993.4,Delhi,17,Safe
UPI9C3F0CC397D0,2023-09-06 03:39:13,User_4398,User_6797,296439.28,Pune,3,High Risk (Amount Outlier)
UPI76208C6A23D7,2023-09-20 19:13:21,User_5512,User_4493,977.92,Bangalore,19,Safe
UPI9A60B9B74966,2023-08-20 20:22:22,User_9369,User_2659,6763.81,Pune,20,Safe
UPIC4FFA806075A,2023-04-13 10:06:11,User_2660,User_3068,6738.28,Pune,10,Safe
UPID4BE3E8D334F,2023-08-26 03:17:04,User_2146,User_8611,272806.04,Mumbai,3,High Risk (Amount Outlier)
UPI4A4EF4387C05,2023-11-20 17:39:01,User_8727,User_9574,8312.68,Lucknow,17,Safe
UPIB9FA78D008BE,2023-02-28 19:19:18,User_7793,User_6040,9248.57,Bangalore,19,Safe
UPI2BB537CC4355,2023-01-12 16:38:38,User_7383,User_7278,604.7,Bangalore,16,Safe
UPI6F5E4B4E7DBE,2023-05-16 04:52:00,User_8957,User_8573,150721.5,Pune,4,High Risk (Amount Outlier)
UPI1D3A062F6F89,2023-03-26 22:37:38,User_3302,User_4928,4573.0,Chennai,22,Safe
UPI386938E23143,2023-06-18 12:09:04,User_1801,User_6120,9595.68,Chennai,12,Safe
UPI95241B70D96C,2023-02-08 07:20:05,User_5128,User_6434,1133.98,Mumbai,7,Safe
UPID6C641A71EDB,2023-08-08 23:09:38,User_5032,User_4099,299.12,Pune,23,Safe
UPI9EE2F7D9FE8D,2023-08-03 06:26:27,User_1184,User_6200,7640.68,Mumbai,6,Safe
UPI01CEFDC8D25F,2023-12-28 10:28:09,User_7350,User_9737,1982.62,Jaipur,10,Safe
UPID04BCC6AE229,2023-02-04 15:36:37,User_1264,User_9709,3084.35,Delhi,15,Safe
UPIEE422C9A877D,2023-08-28 13:56:26,User_2705,User_3759,1165.43,Lucknow,13,Safe
UPI8CE1A0AFF91C,2023-12-27 12:49:45,User_6009,User_5946,7743.97,Lucknow,12,Safe
UPIE818E35CDC6E,2023-10-17 08:02:58,User_4421,User_3757,9205.53,Lucknow,8,Safe
UPI03D3CD8DF283,2023-06-06 21:59:41,User_9712,User_7811,9823.41,Hyderabad,21,Safe
UPI49BC38B1C9D2,2023-03-09 06:54:35,User_3574,User_4940,9285.44,Lucknow,6,Safe
UPI8BB7073EEB38,2023-03-30 15:45:48,User_4225,User_8341,4941.99,Hyderabad,15,Safe
UPI78659A1A785F,2023-04-01 18:51:51,User_6650,User_1128,7907.12,Mumbai,18,Safe
UPI1298DB46EF68,2023-12-03 12:00:11,User_3059,User_5627,2426.92,Lucknow,12,Safe
UPIF19921668ACE,2023-10-02 13:32:39,User_7326,User_9831,9586.34,Kolkata,13,Safe
UPI95A971232EC3,2023-10-09 06:28:03,User_1501,User_1222,4478.21,Mumbai,6,Safe
UPID1830FCD959E,2023-08-11 11:48:09,User_1572,User_8159,8163.03,Jaipur,11,Safe
UPI1E302D0AE02A,2023-04-20 18:34:52,User_8460,User_8036,1912.0,Delhi,18,Safe
UPI186055526E2F,2023-11-05 09:37:13,User_2599,User_6582,3556.44,Chennai,9,Safe
UPI5BEAFB51114F,2023-12-11 14:38:06,User_1958,User_9970,4279.61,Bangalore,14,Safe
UPID00F8756F10C,2023-10-19 12:28:57,User_8622,User_6103,412.25,Hyderabad,12,Safe
UPI608A4E71692C,2023-07-22 10:09:46,User_3432,User_1910,7356.94,Jaipur,10,Safe
UPI7393A76AC315,2023-03-17 07:09:45,User_6419,User_9755,7379.48,Bangalore,7,Safe
UPIDD0EFEB82998,2023-09-24 09:13:39,User_7236,User_2481,778.94,Chennai,9,Safe
UPI45151C89A428,2023-02-01 12:19:23,User_4833,User_9100,3615.34,Mumbai,12,Safe
UPI37A49BB11180,2023-08-14 13:47:46,User_4350,User_1970,2505.64,Pune,13,Safe
UPI92FCEA25D9E8,2023-12-18 17:24:05,User_7434,User_1503,1716.68,Ahmedabad,17,Safe
UPIAE7A7D768939,2023-07-23 08:12:26,User_3199,User_7160,8814.59,Bangalore,8,Safe
UPI26CCFA70EEB8,2023-10-19 14:54:58,User_1689,User_3918,7150.77,Chennai,14,Safe
UPI57086BB636F4,2023-01-01 16:55:02,User_8268,User_8602,4360.58,Jaipur,16,Safe
UPI0E3801B8DEF6,2023-02-27 18:04:30,User_4987,User_8076,8861.15,Kolkata,18,Safe
UPI4851498AB1CF,2023-06-06 16:07:18,User_3268,User_9282,304.15,Hyderabad,16,Safe
UPIA4A8A9A52977,2023-07-30 10:34:38,User_6540,User_6345,5043.91,Chennai,10,Safe
UPI0BA428CDEA65,2023-03-13 10:16:35,User_5341,User_1911,599.99,Delhi,10,Safe
UPIED5A93CFCCAE,2023-01-23 19:19:44,User_2999,User_9014,6467.92,Jaipur,19,Safe
UPID6D2B7F31E01,2023-09-16 22:26:51,User_9256,User_4930,58.93,Ahmedabad,22,Safe
UPI65C5857D4646,2023-01-28 19:15:43,User_4551,User_2567,3684.29,Delhi,19,Safe
UPI4B71D97D321D,2023-11-12 15:55:26,User_1516,User_4535,8485.18,Hyderabad,15,Safe
UPI444D19F98A7E,2023-01-05 17:36:35,User_7418,User_2532,9780.88,Ahmedabad,17,Safe
UPI9EEEF58B6D74,2023-11-30 11:21:17,User_1771,User_8144,3293.36,Bangalore,11,Safe
UPI84B7C928CA15,2023-08-16 14:49:00,User_3783,User_9108,6657.95,Delhi,14,Safe
UPI6C13CF2F1787,2023-08-02 09:02:55,User_1047,User_7571,645.58,Kolkata,9,Safe
UPIC115CA72131B,2023-01-25 14:28:56,User_5924,User_4720,5033.65,Chennai,14,Safe
UPI03C906F04CC7,2023-09-08 16:28:54,User_2366,User_8870,9425.17,Bangalore,16,Safe
UPI0C177D5F17FD,2023-06-22 14:25:26,User_8125,User_6442,8036.41,Ahmedabad,14,Safe
UPI40FF24083394,2023-12-19 07:27:25,User_7402,User_9429,8649.73,Ahmedabad,7,Safe
UPI7B7E2A1F2006,2023-02-06 23:45:21,User_6521,User_3953,8646.17,Pune,23,Safe
UPI5A3AFA427673,2023-12-05 11:18:06,User_2726,User_2940,9876.64,Delhi,11,Safe
UPI6850EBF30427,2023-08-09 11:06:23,User_8485,User_6751,1885.25,Kolkata,11,Safe
UPI16927921A93B,2023-02-20 14:32:25,User_4202,User_3459,2674.58,Pune,14,Safe
UPI6B784AF942D4,2023-10-02 14:04:00,User_3918,User_8794,7289.95,Pune,14,Safe
UPI9A3A491D5579,2023-10-13 08:30:39,User_8637,User_8108,8284.22,Pune,8,Safe
UPI11C0E5A7D599,2023-07-28 07:04:50,User_4399,User_8599,2262.19,Jaipur,7,Safe
UPICDF9BD83C16F,2023-08-02 11:36:35,User_2920,User_2525,2230.73,Chennai,11,Safe
UPICF0394DD5F8B,2023-10-27 12:36:29,User_5932,User_5037,1648.55,Ahmedabad,12,Safe
UPIB59C96BA71F8,2023-07-20 08:09:09,User_3689,User_1748,9433.37,Kolkata,8,Safe
UPI0EF6055DB3AC,2023-09-08 06:51:26,User_2571,User_5662,6837.51,Lucknow,6,Safe
UPI928E42147320,2023-11-14 14:18:47,User_4114,User_1560,7500.77,Jaipur,14,Safe
UPI4B5C3768B8A3,2023-11-28 16:19:28,User_2223,User_7772,1360.99,Ahmedabad,16,Safe
UPI6A0FA74AEB9B,2023-08-18 19:48:00,User_5033,User_6626,4163.17,Pune,19,Safe
UPI281D25BF8D0B,2023-04-11 18:06:32,User_2487,User_8026,3454.32,Delhi,18,Safe
UPI14AE7025256A,2023-05-27 08:16:53,User_2484,User_2899,2192.69,Jaipur,8,Safe
UPIB9B0949143AE,2023-06-21 22:27:28,User_4955,User_6024,5210.46,Hyderabad,22,Safe
UPI9F8B80A06A08,2023-06-06 06:29:04,User_1911,User_1992,1676.46,Pune,6,Safe
UPI985C2E090C5B,2023-08-11 20:20:04,User_6211,User_9469,7026.5,Delhi,20,Safe
UPIBB8ED3FBB6A9,2023-02-17 15:56:55,User_7762,User_9857,9281.04,Delhi,15,Safe
UPIE45E762BD5BB,2023-02-14 17:27:25,User_8041,User_6361,2854.45,Delhi,17,Safe
UPI4DBEA8C3A063,2023-12-19 11:32:15,User_3891,User_6037,4675.45,Lucknow,11,Safe
UPI07C21CEA526A,2023-03-15 20:03:45,User_7077,User_2502,8391.0,Pune,20,Safe
UPICC93298B7D02,2023-11-10 07:26:17,User_8039,User_3676,6564.6,Hyderabad,7,Safe
UPI92811CEFB7BA,2023-03-14 15:13:22,User_8804,User_2337,3998.55,Delhi,15,Safe
UPID5A5CD0BB89B,2023-01-07 12:07:33,User_2373,User_7551,7209.39,Ahmedabad,12,Safe
UPI9BD87E900789,2023-08-18 23:59:19,User_5251,User_6764,6023.5,Hyderabad,23,Safe
UPI6A7CF8178CA0,2023-01-01 12:28:26,User_1473,User_6879,3061.12,Bangalore,12,Safe
UPIDC8D95E63EB2,2023-01-25 19:47:23,User_4665,User_8176,3318.05,Lucknow,19,Safe
UPID0F6D0034551,2023-02-12 12:58:20,User_8506,User_9914,4077.31,Chennai,12,Safe
UPIEF4E4F395442,2023-08-02 06:33:28,User_3545,User_1365,8103.91,Mumbai,6,Safe
UPI8D86D704D908,2023-07-04 13:59:32,User_3754,User_9723,602.01,Mumbai,13,Safe
UPI4675EB5A68A7,2023-03-17 22:27:57,User_3233,User_2574,8603.8,Bangalore,22,Safe
UPI603074D292A6,2023-05-09 16:50:08,User_6780,User_4836,5496.67,Chennai,16,Safe
UPIC03393B66471,2023-08-08 13:33:33,User_2489,User_6717,8768.11,Ahmedabad,13,Safe
UPI7C284B35EABE,2023-07-14 15:39:22,User_2729,User_4546,2937.9,Delhi,15,Safe
UPI829ADFCAC78D,2023-04-16 07:37:34,User_2571,User_1965,6588.95,Bangalore,7,Safe
UPI4D6FFC819DEA,2023-08-15 22:32:16,User_9581,User_1200,120.06,Pune,22,Safe
UPIBD07705B7940,2023-08-09 15:35:34,User_7166,User_3877,8689.43,Bangalore,15,Safe
UPI325FE290C610,2023-06-05 07:29:44,User_8639,User_9259,3365.04,Jaipur,7,Safe
UPI6F40F4ACA970,2023-05-12 04:10:07,User_9507,User_4905,496640.01,Bangalore,4,High Risk (Amount Outlier)
UPI6B2D841B60B5,2023-03-28 11:34:21,User_9357,User_6070,7384.28,Bangalore,11,Safe
UPICD606E93094D,2023-03-11 07:54:51,User_6006,User_3301,218.23,Jaipur,7,Safe
UPI83DBDB63045D,2023-07-02 21:08:21,User_7530,User_3062,5181.76,Lucknow,21,Safe
UPI6BC4CAEE19FD,2023-11-22 02:00:22,User_5152,User_9708,401174.53,Pune,2,High Risk (Amount Outlier)
UPI4BA15DC75399,2023-10-24 17:46:31,User_2803,User_6510,3720.98,Pune,17,Safe
UPIBC3D36F83858,2023-05-14 21:10:27,User_5858,User_8231,1500.76,Kolkata,21,Safe
UPI89AA58D79125,2023-01-31 06:04:18,User_3243,User_5916,3154.04,Hyderabad,6,Safe
UPI43A9386CBFD1,2023-02-19 01:37:18,User_8322,User_8913,462367.27,Pune,1,High Risk (Amount Outlier)
UPIEDD953485FA3,2023-12-27 11:28:08,User_7673,User_1468,8750.06,Ahmedabad,11,Safe
UPIC33910505ACA,2023-08-22 06:29:43,User_7919,User_6116,8207.52,Kolkata,6,Safe
UPIAD25C5023576,2023-06-26 17:00:15,User_4581,User_7066,9802.7,Chennai,17,Safe
UPI7AE784040C9F,2023-05-07 23:02:47,User_6376,User_6042,639.49,Mumbai,23,Safe
UPI565919BB60AB,2023-09-30 21:24:51,User_6429,User_1786,8483.02,Chennai,21,Safe
UPI55116BA8B2BD,2023-09-25 15:03:17,User_4188,User_4415,6564.11,Jaipur,15,Safe
UPI167CF569AF8F,2023-12-26 18:02:00,User_8594,User_2694,4470.94,Hyderabad,18,Safe
UPID5BD99D39FAA,2023-03-17 11:55:30,User_4089,User_5940,9492.03,Jaipur,11,Safe
UPID61737719920,2023-10-07 22:57:10,User_6665,User_6251,6251.41,Mumbai,22,Safe
UPIF281EA8B96EE,2023-11-10 10:57:39,User_8792,User_9058,5944.7,Bangalore,10,Safe
UPI0411368F6EC9,2023-03-18 10:07:03,User_6834,User_4634,2096.11,Kolkata,10,Safe
UPI36656A8B9B60,2023-12-28 06:56:56,User_8753,User_6514,8077.58,Lucknow,6,Safe
UPI3E52F52FDDF5,2023-03-25 09:40:32,User_9270,User_1963,8873.75,Jaipur,9,Safe
UPI18A92BB3C1E3,2023-03-17 22:35:12,User_5419,User_5630,9546.97,Chennai,22,Safe
UPIC5029C40BC6A,2023-04-04 10:23:32,User_6790,User_6586,7278.91,Pune,10,Safe
UPI5474CE2F76DD,2023-10-19 07:33:03,User_3245,User_6980,6958.21,Jaipur,7,Safe
UPI31EF84FEFEAF,2023-05-01 06:18:21,User_4084,User_6730,3700.51,Ahmedabad,6,Safe
UPI3CA3FA88321A,2023-10-07 07:38:56,User_3247,User_3549,5135.78,Kolkata,7,Safe
UPIF0662490DE8E,2023-11-27 15:00:25,User_6821,User_6147,6570.0,Chennai,15,Safe
UPIF460A9558159,2023-04-18 17:20:02,User_5627,User_2342,7970.34,Jaipur,17,Safe
UPI8A4F0CD2B7CF,2023-07-29 20:08:12,User_6207,User_7384,2592.22,Hyderabad,20,Safe
UPIEA285611E58A,2023-09-10 01:43:03,User_2329,User_8767,297618.41,Lucknow,1,High Risk (Amount Outlier)
UPI17A4738AF511,2023-10-31 16:47:27,User_4390,User_4145,3873.11,Chennai,16,Safe
UPI277CFD806264,2023-07-28 18:23:14,User_5557,User_5187,5873.96,Ahmedabad,18,Safe
UPI2E47D6023D31,2023-04-22 19:12:28,User_2347,User_2264,6915.4,Chennai,19,Safe
UPI4236DFACBEA6,2023-09-14 09:42:17,User_5318,User_4763,1020.42,Ahmedabad,9,Safe
UPI0508E0BC2015,2023-10-18 21:58:43,User_8767,User_1616,1307.58,Jaipur,21,Safe
UPI724EC4B2B17A,2023-04-02 10:45:43,User_5408,User_4628,5748.93,Delhi,10,Safe
UPI8623A0A77DD9,2023-01-13 15:39:31,User_7259,User_7204,1935.46,Pune,15,Safe
UPI15A00F55691A,2023-01-01 22:21:08,User_8879,User_2549,2948.86,Lucknow,22,Safe
UPI7F5306F1E861,2023-01-17 23:02:07,User_9052,User_3056,4547.98,Hyderabad,23,Safe
UPIC4AEF1A9D465,2023-05-09 09:05:09,User_5724,User_5204,4563.16,Hyderabad,9,Safe
UPI663EFE6F0CBD,2023-06-01 13:18:25,User_9075,User_8308,6547.61,Hyderabad,13,Safe
UPI33F5AA9589CB,2023-05-14 04:31:50,User_6119,User_2497,286309.18,Chennai,4,High Risk (Amount Outlier)
UPI052F202FFBF0,2023-06-11 01:11:22,User_4039,User_6381,459554.86,Kolkata,1,High Risk (Amount Outlier)
UPI54E7C6B6D7FD,2023-05-07 09:21:06,User_9673,User_7359,6089.25,Chennai,9,Safe
UPIC346A0D5950C,2023-12-02 06:27:36,User_2692,User_2393,5558.57,Kolkata,6,Safe
UPI0500FF9FA5FD,2023-02-24 23:52:38,User_4074,User_4109,1552.41,Delhi,23,Safe
UPI2E372B940E6E,2023-02-27 04:51:55,User_4445,User_3233,187051.82,Kolkata,4,High Risk (Amount Outlier)
UPIE11973D55BE7,2023-01-02 19:01:32,User_7082,User_8201,2496.6,Delhi,19,Safe
UPI4456842418BA,2023-11-11 23:44:54,User_3392,User_2960,1483.3,Delhi,23,Safe
UPI5518A986367D,2023-09-02 16:16:06,User_7533,User_2858,9174.23,Bangalore,16,Safe
UPI3FB2D82496BE,2023-10-05 22:57:54,User_6933,User_6367,7987.31,Kolkata,22,Safe
UPIAE1748255B01,2023-11-16 21:08:14,User_1623,User_3600,3586.14,Ahmedabad,21,Safe
UPID793980C5CD5,2023-10-12 23:35:40,User_7944,User_7693,9500.1,Delhi,23,Safe
UPIC35362247805,2023-10-15 18:12:44,User_8290,User_5223,5498.85,Lucknow,18,Safe
UPIC541D6AA89B0,2023-11-10 18:46:22,User_5627,User_3500,8095.57,Lucknow,18,Safe
UPIDAFA224B2316,2023-10-19 07:28:28,User_7612,User_6958,2399.93,Hyderabad,7,Safe
UPI76056EC9AC53,2023-11-05 08:29:15,User_1801,User_3174,879.63,Mumbai,8,Safe
UPICCCC89ECA7CD,2023-07-01 21:55:36,User_4982,User_1661,4360.11,Chennai,21,Safe
UPI97A026D6BB98,2023-09-10 20:11:12,User_9595,User_7355,244.76,Chennai,20,Safe
UPI4D0D9025F716,2023-03-25 11:13:11,User_6874,User_9094,9023.44,Jaipur,11,Safe
UPIB868EEF15CBA,2023-04-05 21:54:25,User_7952,User_4440,550.06,Jaipur,21,Safe
UPI5A950667165E,2023-03-31 17:22:10,User_7556,User_1492,7041.0,Pune,17,Safe
UPIBA6CF5395706,2023-04-29 16:40:19,User_3847,User_8375,6711.82,Hyderabad,16,Safe
UPIF2BBE1117F73,2023-03-01 22:59:12,User_9960,User_1845,7006.42,Ahmedabad,22,Safe
UPIF3AF3D435133,2023-10-16 14:45:42,User_2298,User_3234,2227.24,Ahmedabad,14,Safe
UPI8105ECBECD9A,2023-05-29 07:01:31,User_1593,User_1361,2151.67,Mumbai,7,Safe
UPI4A59930AAB93,2023-01-23 10:50:58,User_3925,User_3217,6691.06,Kolkata,10,Safe
UPI8EF1FBC0A6F4,2023-10-24 15:04:26,User_7133,User_8410,1766.28,Lucknow,15,Safe
UPIFFD296FDAA31,2023-12-11 22:34:40,User_7421,User_8066,3903.92,Ahmedabad,22,Safe
UPI2AF9CFF74339,2023-04-07 21:50:05,User_5863,User_1344,2786.47,Jaipur,21,Safe
UPI65B491414D01,2023-08-09 16:55:01,User_8920,User_2381,6314.27,Pune,16,Safe
UPI35180ADD6E84,2023-02-09 08:58:09,User_2433,User_8478,6192.08,Hyderabad,8,Safe
UPI8EF2831EAD5A,2023-01-06 19:37:01,User_2201,User_8201,7178.12,Mumbai,19,Safe
UPI1B2E7E056864,2023-10-08 11:12:13,User_7364,User_1324,8914.29,Lucknow,11,Safe
UPI7FDDF28D642A,2023-10-19 14:37:24,User_6852,User_6801,4145.18,Mumbai,14,Safe
UPI351F86A52E0D,2023-10-22 22:47:16,User_7315,User_4714,4155.76,Mumbai,22,Safe
UPI82CB8AA35DB5,2023-12-08 19:23:09,User_3189,User_1206,6610.19,Hyderabad,19,Safe
UPIBF032119B107,2023-02-18 16:52:11,User_2603,User_5217,5278.29,Lucknow,16,Safe
UPI0B32DB0B492E,2023-05-01 17:22:55,User_4452,User_5234,8164.28,Ahmedabad,17,Safe
UPIB6C900DB8CE1,2023-08-19 22:55:08,User_8476,User_8544,2238.74,Delhi,22,Safe
UPI23BD597DAD5D,2023-06-05 17:43:18,User_4007,User_6389,1937.54,Pune,17,Safe
UPI95C0BE961A1E,2023-05-13 15:25:20,User_5405,User_4890,7383.34,Delhi,15,Safe
UPIE039C9C73ACC,2023-02-19 20:07:49,User_2638,User_7248,7456.11,Ahmedabad,20,Safe
UPI05D075F226F2,2023-06-16 23:57:16,User_5259,User_1832,8009.86,Lucknow,23,Safe
UPIA51789BA8351,2023-02-09 20:27:27,User_9453,User_2266,5555.83,Ahmedabad,20,Safe
UPI484DAA0F0E6C,2023-09-23 09:08:49,User_8032,User_7813,6491.66,Mumbai,9,Safe
UPIFB08C5FD5D4D,2023-08-23 22:43:44,User_1642,User_1328,7454.36,Mumbai,22,Safe
UPI73F6A0D3488F,2023-06-01 18:21:18,User_9535,User_3190,4556.46,Delhi,18,Safe
UPI08114E91EDE0,2023-03-10 16:39:49,User_1809,User_4128,7960.69,Pune,16,Safe
UPI72331C42F57A,2023-06-24 16:05:57,User_8956,User_4761,6383.63,Kolkata,16,Safe
UPIB15C00FEFAB1,2023-09-09 09:33:36,User_1312,User_5418,1513.49,Ahmedabad,9,Safe
UPIBB87E75EB99F,2023-08-28 08:23:22,User_3237,User_3411,5321.19,Kolkata,8,Safe
UPICD9CEBE5F781,2023-09-13 15:06:16,User_1591,User_2359,4255.46,Mumbai,15,Safe
UPI0173675FF8D5,2023-02-22 17:00:56,User_7114,User_8660,4137.08,Chennai,17,Safe
UPI9A110C4CF8C4,2023-07-11 09:22:32,User_5906,User_2490,7176.19,Ahmedabad,9,Safe
UPIEAA3C2CD58CE,2023-01-27 16:42:19,User_6505,User_7247,4078.46,Jaipur,16,Safe
UPIE88F7A0BD9E8,2023-03-04 23:50:01,User_1758,User_6177,7732.41,Kolkata,23,Safe
UPI2D867ECF34FF,2023-05-25 04:57:35,User_1223,User_2060,480958.33,Ahmedabad,4,High Risk (Amount Outlier)
UPI366E94C525A2,2023-12-03 19:17:19,User_3200,User_9862,416.33,Kolkata,19,Safe
UPIDC208D2D1E6E,2023-02-19 20:05:21,User_6092,User_7003,3644.64,Jaipur,20,Safe
UPI0AD296606DED,2023-04-07 12:12:09,User_7725,User_6700,9912.11,Jaipur,12,Safe
UPI679602FA87F0,2023-02-02 19:22:28,User_1091,User_9885,7864.97,Pune,19,Safe
UPI40266000958E,2023-05-29 11:16:53,User_6094,User_4405,6811.06,Kolkata,11,Safe
UPI69728395A070,2023-03-11 20:38:51,User_7445,User_1569,3580.78,Mumbai,20,Safe
UPI364BE093573F,2023-05-29 16:53:43,User_4119,User_1561,4302.68,Pune,16,Safe
UPIE5AD68C02C8E,2023-08-27 13:36:58,User_3139,User_1673,5396.48,Jaipur,13,Safe
UPIA644E70623E3,2023-02-17 21:55:03,User_4687,User_8830,5383.39,Pune,21,Safe
UPI5CCDBDDC2970,2023-11-18 16:50:12,User_3639,User_4845,4632.06,Jaipur,16,Safe
UPIDA310103805A,2023-05-11 07:51:55,User_7478,User_8451,7266.92,Delhi,7,Safe
UPI505A81A52F6A,2023-08-05 10:14:09,User_3680,User_3750,4671.65,Hyderabad,10,Safe
UPI594C2B07A87B,2023-03-21 21:38:27,User_5495,User_3730,4073.36,Pune,21,Safe
UPI468D551D9009,2023-10-02 18:39:09,User_5843,User_6091,1575.83,Lucknow,18,Safe
UPI764D1D8DA921,2023-12-25 10:57:41,User_3440,User_1114,3888.71,Bangalore,10,Safe
UPIE72D97032220,2023-11-29 21:28:21,User_7649,User_6840,5784.48,Mumbai,21,Safe
UPID5612761887B,2023-11-12 21:08:35,User_8082,User_7434,8647.36,Lucknow,21,Safe
UPIE2FAF2FE3E0D,2023-03-04 06:52:50,User_8803,User_6413,5600.89,Bangalore,6,Safe
UPIE47486478352,2023-09-25 12:07:02,User_8372,User_9518,6694.46,Lucknow,12,Safe
UPI52E68362D23D,2023-04-18 22:36:32,User_9836,User_4594,2705.6,Lucknow,22,Safe
UPIE6A369D2A956,2023-05-31 03:40:17,User_2362,User_1853,476721.01,Mumbai,3,High Risk (Amount Outlier)
UPIDD8461A448FF,2023-07-21 20:26:54,User_7320,User_2086,7049.3,Pune,20,Safe
UPIC02906F44F42,2023-10-10 19:27:28,User_2730,User_2290,8043.4,Jaipur,19,Safe
UPI9440745D8F77,2023-08-08 09:20:17,User_9915,User_4157,668.01,Ahmedabad,9,Safe
UPID6957CC18CB5,2023-01-29 15:41:17,User_6171,User_4217,7331.4,Ahmedabad,15,Safe
UPI9F95F66DA259,2023-04-27 02:20:16,User_1749,User_7069,211933.87,Jaipur,2,High Risk (Amount Outlier)
UPI0C13DF0E815D,2023-09-30 20:29:23,User_4952,User_2621,5218.56,Bangalore,20,Safe
UPIF07BFF608B6B,2023-02-04 17:02:48,User_7748,User_7738,5730.62,Kolkata,17,Safe
UPI22EC133E81FC,2023-12-01 07:10:33,User_2772,User_4626,8762.76,Bangalore,7,Safe
UPIB727D6187461,2023-04-07 21:28:44,User_1979,User_9538,5723.75,Mumbai,21,Safe
UPI22B3AB8EB364,2023-12-04 14:35:55,User_4153,User_1033,5879.84,Hyderabad,14,Safe
UPI0E7386BE212F,2023-03-20 18:27:50,User_8819,User_2895,4971.96,Mumbai,18,Safe
UPIBE51A4C3725A,2023-03-09 20:32:18,User_9698,User_1187,4047.55,Jaipur,20,Safe
UPI2FE10C7FA6A4,2023-05-12 16:43:48,User_9049,User_6921,936.84,Mumbai,16,Safe
UPI3EB7B956D0E1,2023-03-29 21:45:17,User_9255,User_3099,928.59,Chennai,21,Safe
UPIFE2613AEAD25,2023-06-11 08:21:09,User_1059,User_9253,1517.35,Hyderabad,8,Safe
UPIF3DF498660A0,2023-06-06 19:51:20,User_9704,User_5501,9507.12,Ahmedabad,19,Safe
UPI3FDCC121F4B0,2023-04-11 23:53:42,User_3512,User_9504,4501.3,Mumbai,23,Safe
UPI4023819C7FF8,2023-11-24 10:09:29,User_3161,User_1904,7743.76,Bangalore,10,Safe
UPI12BBA58FFB55,2023-01-14 17:39:46,User_8136,User_1361,2011.96,Mumbai,17,Safe
UPID228AD8A0186,2023-06-15 07:53:05,User_7801,User_6410,786.97,Kolkata,7,Safe
UPI87859174F79F,2023-08-27 19:30:19,User_9555,User_1060,3975.19,Delhi,19,Safe
UPIA3F12DA64C54,2023-09-03 15:09:54,User_9063,User_4441,129.3,Delhi,15,Safe
UPI0CC025421223,2023-03-19 21:32:16,User_7684,User_9062,7828.83,Bangalore,21,Safe
UPID9EBEE10A5C1,2023-07-12 22:13:41,User_4895,User_6832,3508.86,Chennai,22,Safe
UPI477E32961348,2023-02-17 15:19:49,User_6763,User_4466,5508.15,Bangalore,15,Safe
UPI426F6011D549,2023-08-21 07:16:14,User_2833,User_2270,7155.61,Chennai,7,Safe
UPI9FEA5E94BD46,2023-12-16 19:26:13,User_8155,User_5273,8521.73,Hyderabad,19,Safe
UPI4B7F867B1D00,2023-11-01 16:57:08,User_3840,User_5333,2557.21,Bangalore,16,Safe
UPIE393C3F70B60,2023-05-02 17:24:10,User_7113,User_7955,4842.5,Bangalore,17,Safe
UPID727482175B5,2023-08-05 04:54:13,User_6489,User_4573,435178.52,Kolkata,4,High Risk (Amount Outlier)
UPI5D0ED98F3CA9,2023-05-11 22:58:27,User_1704,User_7268,8968.96,Chennai,22,Safe
UPIE64A4CE3BAF8,2023-07-16 08:46:23,User_4076,User_1821,1092.99,Delhi,8,Safe
UPIB25A6AB9F0CD,2023-06-27 13:09:06,User_2857,User_8844,7808.68,Kolkata,13,Safe
UPIEFDB7075A831,2023-08-01 06:40:57,User_9753,User_2810,4318.1,Ahmedabad,6,Safe
UPI96F7DAE194BA,2023-05-12 20:05:24,User_1206,User_1275,481.03,Pune,20,Safe
UPI7901237E837A,2023-05-25 08:24:38,User_4999,User_8824,7262.34,Jaipur,8,Safe
UPIE0D1981F743A,2023-08-06 12:10:06,User_3466,User_8064,1787.83,Mumbai,12,Safe
UPI718B4652D562,2023-11-05 04:51:33,User_2294,User_9366,80131.54,Bangalore,4,High Risk (Amount Outlier)
UPI96EA84E17241,2023-04-11 02:55:43,User_4170,User_2821,359568.74,Hyderabad,2,High Risk (Amount Outlier)
UPI30B5FD1C0EBF,2023-06-25 14:13:45,User_4378,User_1705,3688.68,Lucknow,14,Safe
UPI1E1B104E3D8C,2023-03-12 15:50:49,User_7633,User_7833,9149.85,Jaipur,15,Safe
UPI177037D633E4,2023-01-16 14:09:39,User_6118,User_4421,8061.07,Bangalore,14,Safe
UPI7992F27AE749,2023-01-14 21:03:18,User_6333,User_2539,58.67,Pune,21,Safe
UPI7FA0447DD89A,2023-07-28 10:14:54,User_5574,User_1850,4517.13,Lucknow,10,Safe
UPIDFFFDEA1F82A,2023-06-30 17:11:22,User_4292,User_6059,4730.09,Hyderabad,17,Safe
UPI46BA7854C7E0,2023-12-22 16:43:57,User_3501,User_5841,4168.69,Delhi,16,Safe
UPIE19385514DA6,2023-02-08 17:56:06,User_5925,User_3710,5347.34,Pune,17,Safe
UPI8CCFFF3FC686,2023-03-29 08:55:50,User_1818,User_4814,5982.5,Bangalore,8,Safe
UPIA7D1A7F00F4A,2023-04-03 04:14:59,User_8975,User_2651,90845.56,Kolkata,4,High Risk (Amount Outlier)
UPI0199D7DCA2D4,2023-11-09 10:26:43,User_1983,User_9540,9984.54,Ahmedabad,10,Safe
UPI4629A180EE20,2023-11-29 11:38:40,User_4129,User_7514,6694.78,Chennai,11,Safe
UPIAAF7CF97BE08,2023-01-10 07:55:29,User_5962,User_1411,7195.01,Delhi,7,Safe
UPIF016E8A4AC62,2023-04-26 12:13:42,User_1425,User_5463,5047.41,Hyderabad,12,Safe
UPI7808F6A9EA97,2023-03-25 03:21:13,User_4747,User_2997,483045.56,Lucknow,3,High Risk (Amount Outlier)
UPI14FF26E80197,2023-11-14 21:00:10,User_3316,User_2453,3194.28,Pune,21,Safe
UPI20BFB128BC1C,2023-03-11 16:03:15,User_8242,User_4817,3191.27,Pune,16,Safe
UPI06DD93E5F608,2023-04-26 17:45:54,User_8568,User_9103,2725.44,Delhi,17,Safe
UPI2A0245BCD063,2023-05-18 14:36:58,User_9638,User_8365,8475.91,Ahmedabad,14,Safe
UPI317D8F273960,2023-10-21 09:22:27,User_1860,User_1840,8214.81,Kolkata,9,Safe
UPIF6CBDB10AE55,2023-12-19 11:50:06,User_4463,User_6744,1300.7,Pune,11,Safe
UPI607A53CEB65D,2023-06-28 08:34:02,User_2806,User_8434,1770.06,Mumbai,8,Safe
UPIF674E1832867,2023-05-16 07:04:07,User_1202,User_6953,3636.95,Kolkata,7,Safe
UPIE0BD590F4FD1,2023-08-19 08:09:28,User_8477,User_4028,5221.8,Chennai,8,Safe
UPI8F7B54C11370,2023-09-09 11:46:51,User_7104,User_9719,5992.57,Lucknow,11,Safe
UPIDFCBF193C1E2,2023-06-05 09:01:27,User_9921,User_4439,296.5,Jaipur,9,Safe
UPIE77ABD83AC2E,2023-12-10 18:40:53,User_5083,User_3296,4851.13,Lucknow,18,Safe
UPI8F29341EBBAB,2023-03-29 18:23:42,User_3029,User_2959,1333.9,Delhi,18,Safe
UPIEFC053BC8EF3,2023-07-13 13:52:50,User_2421,User_1178,469.98,Pune,13,Safe
UPI655315E02853,2023-07-25 20:46:18,User_2429,User_5090,5130.41,Pune,20,Safe
UPIB378992914B1,2023-08-15 10:12:35,User_5118,User_1397,2017.98,Chennai,10,Safe
UPIE5184DCA9977,2023-06-29 14:49:13,User_8273,User_2452,356.25,Hyderabad,14,Safe
UPI2DC1D03CB5BF,2023-01-29 20:41:07,User_1531,User_4284,179.07,Ahmedabad,20,Safe
UPIE1E2252CCF68,2023-12-01 07:05:59,User_2973,User_6730,1472.2,Ahmedabad,7,Safe
UPI77ABBC354E18,2023-10-11 12:37:17,User_2182,User_8688,5617.82,Bangalore,12,Safe
UPI05FA83A3F738,2023-02-18 15:57:38,User_5759,User_9478,5111.55,Ahmedabad,15,Safe
UPIE8D94DE16495,2023-01-14 16:48:45,User_9657,User_5927,5158.17,Hyderabad,16,Safe
UPIF0A2FD37DB28,2023-09-03 16:26:13,User_1603,User_1328,1504.49,Pune,16,Safe
UPI0343287CA16B,2023-05-06 11:15:52,User_5736,User_8759,4016.08,Delhi,11,Safe
UPI99CA82E8442C,2023-11-23 14:53:33,User_5651,User_1767,956.85,Hyderabad,14,Safe
UPI5DD098A164F6,2023-02-05 15:54:23,User_6103,User_2801,1696.97,Pune,15,Safe
UPI0495A6EAD8DA,2023-05-23 09:39:10,User_5085,User_5123,3804.44,Kolkata,9,Safe
UPI7AA89E30AEF7,2023-10-10 21:52:46,User_5507,User_1607,4462.97,Bangalore,21,Safe
UPI634FEC9A57C2,2023-04-14 07:55:12,User_8993,User_3733,734.38,Jaipur,7,Safe
UPI1825DB229F9C,2023-03-11 11:58:42,User_2783,User_9505,5434.41,Hyderabad,11,Safe
UPIFB61C1370D15,2023-01-08 18:52:12,User_2180,User_1106,6856.4,Ahmedabad,18,Safe
UPICCAB71F3795C,2023-04-15 01:32:32,User_7105,User_8415,308283.21,Hyderabad,1,High Risk (Amount Outlier)
UPI484E7A726220,2023-05-18 19:16:05,User_2486,User_4716,6663.5,Kolkata,19,Safe
UPI6E9DB0643288,2023-12-02 10:04:35,User_4684,User_3094,3149.79,Ahmedabad,10,Safe
UPIE3BFCCD0B9E0,2023-02-08 07:23:22,User_4966,User_3407,8068.84,Ahmedabad,7,Safe
UPI214AA15433F8,2023-11-08 20:06:36,User_3887,User_6455,4445.78,Bangalore,20,Safe
UPI85D6423C49DD,2023-07-01 11:14:04,User_2691,User_4548,8604.57,Bangalore,11,Safe
UPI63255D472A7C,2023-04-28 10:59:06,User_6843,User_9652,7118.93,Kolkata,10,Safe
UPIF172F129F03B,2023-07-24 08:18:43,User_2102,User_2635,5772.63,Kolkata,8,Safe
UPI0AB3438B8718,2023-06-06 20:52:23,User_5503,User_7973,219.25,Chennai,20,Safe
UPI06C1B28A26BA,2023-12-13 10:17:56,User_9836,User_2473,7995.61,Chennai,10,Safe
UPIF43F25D04203,2023-08-30 17:22:32,User_4569,User_4808,6536.94,Ahmedabad,17,Safe
UPI87E6FC2DCC8F,2023-11-09 16:45:31,User_2179,User_2529,8329.11,Bangalore,16,Safe
UPI9308D0EF79FA,2023-08-26 02:14:33,User_9102,User_5501,263119.6,Ahmedabad,2,High Risk (Amount Outlier)
UPI3D22D6882658,2023-11-10 20:22:41,User_5600,User_5771,9905.67,Mumbai,20,Safe
UPI07D64AEE7EE3,2023-01-30 03:52:53,User_5473,User_4370,291836.35,Chennai,3,High Risk (Amount Outlier)
UPI54E202ED61E0,2023-03-05 10:41:18,User_3200,User_4754,7905.47,Ahmedabad,10,Safe
UPIA48AC99C85FB,2023-02-02 12:23:43,User_2924,User_2467,3578.54,Ahmedabad,12,Safe
UPI3B24E1A683DC,2023-07-25 18:31:09,User_9336,User_3361,2614.23,Chennai,18,Safe
UPI13C1DDDE2A56,2023-03-12 09:16:20,User_2968,User_9543,5236.9,Delhi,9,Safe
UPI074416BB505A,2023-09-12 22:56:50,User_5017,User_5947,3500.69,Ahmedabad,22,Safe
UPI764333C85A24,2023-02-28 11:29:55,User_4012,User_9048,6865.22,Lucknow,11,Safe
UPI3F1A44B972FA,2023-03-11 17:55:17,User_2272,User_7601,5933.16,Delhi,17,Safe
UPID4488EA1F225,2023-01-31 02:35:56,User_5866,User_9186,454728.08,Hyderabad,2,High Risk (Amount Outlier)
UPI68BB302E71C7,2023-07-26 07:02:48,User_6814,User_2598,6593.31,Ahmedabad,7,Safe
UPIA9B4CD8DBC88,2023-05-03 18:00:37,User_7355,User_9763,7181.76,Chennai,18,Safe
UPIEB05693DF357,2023-01-26 23:58:37,User_4629,User_8591,2599.59,Chennai,23,Safe
UPI5492A62DE236,2023-12-09 19:38:17,User_5399,User_2397,227.7,Jaipur,19,Safe
UPI95A2C9DA8538,2023-04-14 20:10:15,User_1455,User_1703,5511.71,Jaipur,20,Safe
UPI6E42E9D47BF1,2023-08-08 08:32:16,User_4741,User_2350,4923.52,Delhi,8,Safe
UPI9EE7C9FCC477,2023-01-24 17:49:01,User_7366,User_2800,3389.63,Lucknow,17,Safe
UPI96B3561FDEAD,2023-10-14 02:24:47,User_6497,User_1701,268202.6,Bangalore,2,High Risk (Amount Outlier)
UPIFDB422B68991,2023-04-06 18:16:46,User_6205,User_4427,2478.68,Jaipur,18,Safe
UPIE3DE64B1EA3F,2023-08-08 17:15:58,User_4683,User_6734,2019.21,Mumbai,17,Safe
UPIA47C9F5B7BA8,2023-03-23 14:01:35,User_1103,User_6068,7499.38,Ahmedabad,14,Safe
UPIA00D77A328B8,2023-02-08 14:14:54,User_9794,User_6385,3769.01,Chennai,14,Safe
UPI3CB30977E210,2023-06-07 15:52:04,User_3913,User_6904,7716.1,Pune,15,Safe
UPI7A561BBB27EE,2023-11-12 10:27:22,User_9606,User_5609,955.16,Kolkata,10,Safe
UPI5A8F8B58A9E7,2023-02-20 20:10:16,User_9499,User_7721,3330.15,Kolkata,20,Safe
UPI8A055F226C46,2023-09-18 22:20:46,User_7879,User_7840,4460.02,Pune,22,Safe
UPI9A1292081E51,2023-04-25 08:05:22,User_7888,User_4488,5370.16,Hyderabad,8,Safe
UPID7C2A1B0E3D9,2023-08-02 12:15:04,User_7334,User_4022,7089.8,Bangalore,12,Safe
UPI51AF3C261BF3,2023-02-14 23:07:59,User_4852,User_6780,1311.23,Kolkata,23,Safe
UPI5CAAE55C2AE6,2023-10-25 19:32:52,User_5826,User_6185,6467.36,Bangalore,19,Safe
UPIC650573302ED,2023-05-15 15:58:17,User_4937,User_5811,9728.04,Chennai,15,Safe
UPI5F06C603F715,2023-08-26 19:02:51,User_2544,User_8920,2112.22,Lucknow,19,Safe
UPI0BF981AEF6F4,2023-06-17 12:44:03,User_3895,User_6299,8606.87,Bangalore,12,Safe
UPIC20A55740ED6,2023-06-26 17:23:23,User_1283,User_5801,5587.23,Jaipur,17,Safe
UPI50F372A56649,2023-02-10 21:37:19,User_6059,User_9891,8211.4,Mumbai,21,Safe
UPI3DB73FA9851E,2023-12-18 19:09:10,User_4382,User_2677,7950.87,Bangalore,19,Safe
UPI274084C44E0F,2023-03-06 10:09:36,User_6756,User_9846,3395.91,Kolkata,10,Safe
UPI06B0B7CAAE79,2023-01-14 13:30:26,User_7824,User_2683,2857.06,Delhi,13,Safe
UPI7769D4FBE8A6,2023-01-23 20:07:00,User_6538,User_6701,3294.88,Delhi,20,Safe
UPI80CE4FC3F9F9,2023-01-26 09:06:54,User_8482,User_4263,6672.43,Lucknow,9,Safe
UPIE02D48045FDF,2023-10-27 17:30:31,User_6001,User_2016,6068.64,Kolkata,17,Safe
UPIB9B753E1B5D5,2023-09-09 03:25:12,User_8610,User_8322,148348.8,Mumbai,3,High Risk (Amount Outlier)
UPI042A0CBC3FF3,2023-12-09 20:55:27,User_6173,User_5543,1795.43,Lucknow,20,Safe
UPI9B253FDFA621,2023-04-08 06:10:44,User_3865,User_9881,4553.72,Jaipur,6,Safe
UPI28FA22A10609,2023-11-24 09:50:06,User_3426,User_6731,7480.01,Pune,9,Safe
UPI4218BE495418,2023-05-09 16:24:31,User_2934,User_7834,9140.83,Hyderabad,16,Safe
UPIDDF8C8EF3473,2023-08-21 07:55:07,User_6909,User_8042,9534.16,Delhi,7,Safe
UPI6BF4A3056F08,2023-03-03 01:39:36,User_4873,User_2777,85624.13,Kolkata,1,High Risk (Amount Outlier)
UPIBDF8D7904907,2023-03-31 07:10:38,User_6182,User_1213,3473.54,Hyderabad,7,Safe
UPI54A80B6EABBC,2023-07-02 15:31:39,User_5813,User_8390,3050.74,Jaipur,15,Safe
UPIDB64076364D7,2023-10-04 13:35:34,User_4412,User_8652,668.04,Jaipur,13,Safe
UPIECBF784076F5,2023-02-15 17:41:54,User_8261,User_3525,6461.79,Mumbai,17,Safe
UPIFB1C0980B647,2023-04-11 10:05:07,User_5650,User_2948,4213.1,Hyderabad,10,Safe
UPI1C2FF2E312E6,2023-12-22 22:50:37,User_1640,User_8871,9348.71,Chennai,22,Safe
UPI51184375C00B,2023-01-16 16:36:44,User_3098,User_3222,8939.66,Bangalore,16,Safe
UPI93AAE3EB3B53,2023-11-29 11:03:12,User_6493,User_6109,5841.3,Ahmedabad,11,Safe
UPID99DB2D54989,2023-08-26 19:39:58,User_1774,User_3180,2912.05,Lucknow,19,Safe
UPI72EFCF42C57E,2023-02-05 09:13:40,User_3234,User_4201,4197.69,Kolkata,9,Safe
UPI25E218A1D22F,2023-09-10 14:48:57,User_5168,User_4931,6634.89,Lucknow,14,Safe
UPIE85387FEC7B6,2023-07-04 22:24:26,User_3705,User_6647,7945.26,Lucknow,22,Safe
UPIE422D6CEB6A9,2023-07-31 14:39:42,User_9807,User_7725,7090.65,Pune,14,Safe
UPIF9745D2A5C40,2023-12-24 02:53:45,User_6707,User_7986,260187.61,Hyderabad,2,High Risk (Amount Outlier)
UPI4748D95BC878,2023-10-20 17:07:26,User_8147,User_7287,3724.42,Delhi,17,Safe
UPI74462D44388C,2023-04-21 14:41:28,User_5142,User_5147,1025.98,Chennai,14,Safe
UPI2F3BC0CA6D02,2023-07-17 17:07:55,User_2606,User_7025,8962.21,Kolkata,17,Safe
UPI2C37F57E9817,2023-09-20 21:22:20,User_1035,User_9131,9208.12,Bangalore,21,Safe
UPI4170651F737F,2023-11-21 14:37:32,User_1010,User_6070,7585.73,Lucknow,14,Safe
UPIBC119C0BC628,2023-11-04 14:16:18,User_7745,User_1477,2482.89,Delhi,14,Safe
UPI3BF4CFEC3201,2023-05-03 18:21:22,User_7692,User_2504,7723.98,Pune,18,Safe
UPI26E32AC459D4,2023-06-14 12:30:03,User_5121,User_7478,4939.23,Hyderabad,12,Safe
UPI7C915EAE97EE,2023-11-17 17:47:29,User_9465,User_5499,7092.33,Ahmedabad,17,Safe
UPIED1B705D5C8C,2023-02-21 16:44:49,User_4598,User_2103,8661.19,Ahmedabad,16,Safe
UPI4D792EBDAB51,2023-12-24 11:59:11,User_5371,User_6795,8004.23,Pune,11,Safe
UPIF3A094179BA4,2023-09-29 10:39:11,User_5267,User_5564,5259.32,Pune,10,Safe
UPI8B523AF13022,2023-08-16 17:18:53,User_2382,User_9583,1434.84,Pune,17,Safe
UPIEFAD0E327B08,2023-06-27 09:14:53,User_9743,User_3984,6451.67,Hyderabad,9,Safe
UPI2BB10501D87B,2023-12-18 22:37:06,User_6135,User_3501,2654.26,Lucknow,22,Safe
UPI7DDE54C12AED,2023-04-08 08:09:49,User_1137,User_6703,7821.1,Pune,8,Safe
UPIB96A6F3DB33B,2023-06-27 11:45:48,User_3374,User_5012,5048.15,Ahmedabad,11,Safe
UPI3E48E40996AE,2023-01-25 16:43:13,User_2169,User_7127,8502.18,Mumbai,16,Safe
UPIBE861804C3E8,2023-08-12 16:13:05,User_5577,User_1922,5719.14,Pune,16,Safe
UPI9FA5ACE8885C,2023-05-24 06:58:44,User_2513,User_6795,2437.26,Pune,6,Safe
UPI8B2071815355,2023-04-21 13:22:21,User_9059,User_5109,8858.31,Ahmedabad,13,Safe
UPI5338BAA86B83,2023-09-17 16:36:44,User_9321,User_7126,4000.3,Ahmedabad,16,Safe
UPI7455D69C052C,2023-06-01 16:24:53,User_7401,User_2404,4839.78,Pune,16,Safe
UPI1B9E75CA8EA2,2023-07-16 21:55:12,User_5620,User_4921,5188.82,Bangalore,21,Safe
UPI30FF3856560E,2023-10-18 17:34:27,User_4797,User_1861,4140.78,Bangalore,17,Safe
UPI863453CEA1F8,2023-06-01 07:48:24,User_9934,User_8225,5816.23,Pune,7,Safe
UPIDEB0E4E4BACF,2023-01-06 08:07:37,User_7382,User_4706,5085.46,Delhi,8,Safe
UPI5BEBBE335CDB,2023-02-17 10:40:42,User_6468,User_8979,7087.76,Lucknow,10,Safe
UPI2B003CF37048,2023-03-29 06:15:07,User_9833,User_6200,6374.46,Chennai,6,Safe
UPIB5F39D146FDC,2023-09-08 17:13:30,User_3476,User_4344,4950.31,Kolkata,17,Safe
UPI6C8B17DD8971,2023-07-12 19:13:00,User_1630,User_4748,6917.44,Kolkata,19,Safe
UPIEA6B32644472,2023-03-20 11:49:28,User_4853,User_3321,7469.15,Bangalore,11,Safe
UPIF03407A11E34,2023-08-23 06:58:46,User_8764,User_9889,6218.58,Chennai,6,Safe
UPIEEA2CDE9CFFB,2023-06-22 21:39:58,User_6160,User_8940,3086.13,Hyderabad,21,Safe
UPID73E1DB82C93,2023-04-02 11:24:03,User_1292,User_4952,833.84,Mumbai,11,Safe
UPI9FD0910F975A,2023-03-24 12:54:54,User_2444,User_8235,7431.38,Kolkata,12,Safe
UPI206A2A1DC693,2023-01-20 10:47:54,User_2818,User_5105,5964.39,Kolkata,10,Safe
UPI174D93F8D94C,2023-08-01 17:06:28,User_7264,User_1960,7734.41,Bangalore,17,Safe
UPI9F0214B3155D,2023-11-21 21:25:42,User_8938,User_8801,3150.89,Lucknow,21,Safe
UPIBC47C8A7195D,2023-08-31 15:11:03,User_6863,User_9085,3351.03,Lucknow,15,Safe
UPIF5293C01EA7B,2023-03-30 21:03:48,User_2564,User_5150,2637.66,Kolkata,21,Safe
UPIAC5D9EC887DC,2023-05-05 06:55:44,User_6729,User_7035,2286.06,Ahmedabad,6,Safe
UPIDF50DD2F9327,2023-02-25 20:45:22,User_7763,User_6221,2490.21,Ahmedabad,20,Safe
UPI5218265E3087,2023-02-05 21:12:09,User_8589,User_9549,2259.95,Pune,21,Safe
UPI85C77340D335,2023-12-09 07:21:35,User_1470,User_1741,1458.18,Bangalore,7,Safe
UPI278F6CB9593E,2023-03-21 09:27:16,User_7734,User_1097,3245.74,Mumbai,9,Safe
UPIFDB91C8CC033,2023-04-21 19:20:58,User_7754,User_5752,4467.59,Delhi,19,Safe
UPI5F3615662BF0,2023-04-01 22:09:29,User_5998,User_4035,8426.28,Lucknow,22,Safe
UPICD9C8CF1759B,2023-02-13 17:39:40,User_7164,User_7598,7677.91,Mumbai,17,Safe
UPI392D488205BB,2023-11-17 23:41:36,User_1424,User_8099,239.86,Jaipur,23,Safe
UPI66733E38783D,2023-10-28 12:39:33,User_2154,User_4503,3626.16,Delhi,12,Safe
UPI74C236220D05,2023-02-01 21:48:23,User_3557,User_1119,5666.89,Mumbai,21,Safe
UPID92D15164EF2,2023-12-24 10:56:18,User_6133,User_8318,474.75,Kolkata,10,Safe
UPI0D5D35809167,2023-10-18 06:30:30,User_6868,User_4025,6870.13,Ahmedabad,6,Safe
UPI4229B6C208C0,2023-06-27 22:02:34,User_8846,User_2254,7989.72,Bangalore,22,Safe
UPIFEB475ACC3BF,2023-04-27 13:05:43,User_7599,User_2324,8252.76,Lucknow,13,Safe
UPI93907F37B2B0,2023-07-12 16:06:07,User_1606,User_9429,341.9,Jaipur,16,Safe
UPI9665EB63002F,2023-01-15 22:07:33,User_9627,User_8614,82.4,Bangalore,22,Safe
UPIB4FF43EDEE30,2023-10-31 22:21:30,User_5802,User_2979,7205.86,Jaipur,22,Safe
UPIF31B1E905103,2023-07-14 14:32:53,User_4264,User_4203,2873.93,Jaipur,14,Safe
UPI0486D278EFE6,2023-03-18 15:07:49,User_2698,User_9635,2004.34,Mumbai,15,Safe
UPI3434E22DD380,2023-12-20 08:29:34,User_9771,User_1639,2227.99,Chennai,8,Safe
UPI4414A02CDFC8,2023-01-18 10:00:09,User_4709,User_6211,2842.14,Bangalore,10,Safe
UPIF808C8E08007,2023-04-11 23:01:40,User_9937,User_8549,8718.32,Delhi,23,Safe
UPIE53192AF9049,2023-06-24 21:31:54,User_8703,User_1282,8370.12,Pune,21,Safe
UPI18F1E34E1497,2023-03-07 10:51:14,User_5749,User_5157,5968.02,Bangalore,10,Safe
UPI0474C246B385,2023-05-17 09:29:36,User_1118,User_3249,9459.38,Hyderabad,9,Safe
UPI15F339C68AE8,2023-07-03 23:31:30,User_2957,User_2523,228.38,Kolkata,23,Safe
UPICF231F96FBC9,2023-03-04 12:59:30,User_8996,User_7947,780.87,Mumbai,12,Safe
UPIC32EA93A6AD7,2023-01-13 13:27:46,User_9128,User_6451,2939.74,Mumbai,13,Safe
UPI682721CC4A90,2023-07-16 09:48:17,User_2781,User_9601,2030.03,Lucknow,9,Safe
UPI7A3103852062,2023-05-06 18:00:07,User_4532,User_2311,982.31,Jaipur,18,Safe
UPI8147576B8EA0,2023-01-26 18:26:03,User_1920,User_5845,36.18,Hyderabad,18,Safe
UPI590C9DA8687D,2023-11-03 08:41:14,User_5612,User_9728,235.75,Bangalore,8,Safe
UPI5BF2F0ECB776,2023-09-24 04:50:05,User_6581,User_9515,294577.29,Ahmedabad,4,High Risk (Amount Outlier)
UPI4A02D964B726,2023-01-25 17:44:28,User_1624,User_5299,7212.68,Mumbai,17,Safe
UPIBBBBDA882DE3,2023-05-15 19:18:41,User_1379,User_6790,1634.08,Kolkata,19,Safe
UPIA6993E821B0A,2023-11-11 11:26:25,User_6866,User_5468,4450.74,Ahmedabad,11,Safe
UPIA0303CBF406E,2023-09-01 23:08:09,User_3750,User_3141,9952.59,Bangalore,23,Safe
UPI5A0EE32F474D,2023-01-05 17:43:35,User_5035,User_7751,8368.46,Hyderabad,17,Safe
UPIB01C83FABEA3,2023-01-15 06:25:31,User_5784,User_2658,8052.94,Ahmedabad,6,Safe
UPI33667D23490C,2023-11-22 15:57:13,User_1821,User_4600,1338.46,Kolkata,15,Safe
UPIC2298BED9B83,2023-05-25 17:08:52,User_6060,User_2367,3886.22,Mumbai,17,Safe
UPI8630FFD102ED,2023-12-27 14:10:31,User_9762,User_6350,9490.52,Bangalore,14,Safe
UPI00C7BCFC9364,2023-04-19 08:17:06,User_3585,User_8454,2897.14,Hyderabad,8,Safe
UPIE66E4AA91305,2023-10-21 14:44:08,User_1111,User_6647,9316.53,Ahmedabad,14,Safe
UPI05EAD03F96F3,2023-09-10 21:52:10,User_1895,User_9678,8906.98,Hyderabad,21,Safe
UPI268EB68F3E70,2023-04-12 19:27:36,User_6893,User_1789,3373.38,Mumbai,19,Safe
UPI5CE04F63D7C7,2023-06-09 07:35:05,User_6815,User_8651,8001.02,Ahmedabad,7,Safe
UPIBDD3B3B48001,2023-12-23 12:56:25,User_3124,User_6777,2350.19,Pune,12,Safe
UPI967E515E9602,2023-09-14 18:35:37,User_5011,User_6837,9132.57,Chennai,18,Safe
UPI41D7F65589B3,2023-07-29 20:25:25,User_9441,User_8103,7388.87,Chennai,20,Safe
UPI6065C37A3757,2023-05-14 16:45:00,User_8443,User_7142,4335.94,Ahmedabad,16,Safe
UPI624005445F5C,2023-09-03 09:46:18,User_1656,User_1359,1243.27,Kolkata,9,Safe
UPIB93ADEFB46A2,2023-07-21 07:05:32,User_2323,User_3984,5499.99,Bangalore,7,Safe
UPIDB1233F082FA,2023-07-29 11:14:22,User_1992,User_9790,4553.24,Bangalore,11,Safe
UPI1F217E83AF19,2023-04-14 04:10:13,User_8451,User_6858,308641.61,Pune,4,High Risk (Amount Outlier)
UPIF1CFEC96FEB9,2023-02-22 20:57:25,User_6374,User_4744,6154.21,Hyderabad,20,Safe
UPIBA54F8F6B804,2023-05-31 04:05:33,User_2571,User_6710,70666.74,Chennai,4,High Risk (Amount Outlier)
UPIC82301D59B0D,2023-12-13 06:29:46,User_6446,User_2119,8312.91,Delhi,6,Safe
UPIB6F46C0CE4AA,2023-02-28 15:30:50,User_6792,User_9703,7904.17,Delhi,15,Safe
UPI7676A314F19F,2023-08-13 20:28:18,User_5327,User_5647,3155.79,Pune,20,Safe
UPI51D6A4FBB057,2023-12-28 21:15:47,User_6286,User_3718,7008.23,Delhi,21,Safe
UPI36F65131B5EB,2023-02-18 08:04:40,User_9035,User_4450,138.94,Hyderabad,8,Safe
UPI75EA0D477334,2023-11-18 22:43:37,User_2658,User_7999,834.61,Chennai,22,Safe
UPIAEB86816A72A,2023-07-18 10:41:19,User_4038,User_9868,8372.46,Jaipur,10,Safe
UPID2E3A7887763,2023-02-13 21:42:24,User_1367,User_5902,38.8,Lucknow,21,Safe
UPIACD915F21BDF,2023-02-26 21:46:30,User_9154,User_7596,6016.73,Lucknow,21,Safe
UPI51B3D53DF588,2023-02-27 06:23:48,User_3711,User_7971,5024.11,Delhi,6,Safe
UPICF452E69BEE8,2023-05-11 15:17:47,User_6617,User_9140,7836.75,Ahmedabad,15,Safe
UPI4DAB23A18082,2023-09-02 21:55:43,User_7373,User_8440,7489.08,Delhi,21,Safe
UPIF36BC1E1E3FA,2023-08-09 14:42:12,User_9841,User_6056,2939.87,Hyderabad,14,Safe
UPI926E0F8AC8B4,2023-06-05 18:55:58,User_8113,User_5969,3227.72,Pune,18,Safe
UPI0E8259A34870,2023-09-12 22:39:24,User_5718,User_2871,7061.03,Pune,22,Safe
UPIE4FB9B03E6F4,2023-02-03 15:18:54,User_7870,User_6444,7684.36,Delhi,15,Safe
UPI9D57470FDAB5,2023-04-07 11:39:13,User_4400,User_3283,582.04,Bangalore,11,Safe
UPI04FE51E0882D,2023-03-25 19:35:20,User_5355,User_5470,4347.39,Ahmedabad,19,Safe
UPIC0703DD5A651,2023-10-08 20:03:36,User_4788,User_9767,2544.2,Delhi,20,Safe
UPI7A684C2E1DC9,2023-03-08 22:34:18,User_8071,User_7495,2875.77,Jaipur,22,Safe
UPI067C8461F8D2,2023-01-30 08:53:36,User_8252,User_4716,7839.52,Lucknow,8,Safe
UPI8334AE24B975,2023-06-15 12:35:46,User_7411,User_5069,1077.85,Hyderabad,12,Safe
UPIDC29AC0DA08B,2023-01-31 15:21:04,User_1084,User_6878,5644.0,Bangalore,15,Safe
UPI2F504F20F31B,2023-02-06 20:18:34,User_7537,User_8852,6300.18,Delhi,20,Safe
UPIBC4923CF5150,2023-07-01 19:02:59,User_7475,User_2421,4050.92,Ahmedabad,19,Safe
UPI42D93F2CAAA5,2023-05-17 18:48:46,User_9011,User_9396,9270.42,Kolkata,18,Safe
UPI794B938982D0,2023-06-17 17:17:49,User_3037,User_4359,2045.35,Hyderabad,17,Safe
UPI900FBF9C62A3,2023-03-24 03:46:10,User_4849,User_7760,178688.83,Mumbai,3,High Risk (Amount Outlier)
UPIA40913F1A7C0,2023-03-22 12:03:44,User_6450,User_7281,2478.02,Delhi,12,Safe
UPI3541AAD145E5,2023-12-27 10:24:00,User_4274,User_6736,5252.72,Pune,10,Safe
UPIC2A52FCEAFFA,2023-05-27 18:12:20,User_3514,User_8135,6589.4,Lucknow,18,Safe
UPIF1097E9E6413,2023-05-31 20:24:58,User_1671,User_6185,9177.53,Hyderabad,20,Safe
UPI424CDF5FA8D0,2023-04-04 04:02:39,User_1892,User_6219,333750.79,Pune,4,High Risk (Amount Outlier)
UPI9DE81849BD9F,2023-08-01 21:43:06,User_4952,User_9692,3148.26,Delhi,21,Safe
UPI9AB8AF0A11B6,2023-12-20 12:01:39,User_6039,User_5410,4454.01,Mumbai,12,Safe
UPI263DF4149169,2023-07-08 08:02:16,User_2930,User_2366,1378.03,Ahmedabad,8,Safe
UPI61921D8ECDEA,2023-04-05 16:57:37,User_7998,User_6005,5718.59,Kolkata,16,Safe
UPIBBDD5BE38FE0,2023-04-08 23:42:58,User_4063,User_4055,3698.79,Hyderabad,23,Safe
UPI7BB158393ACB,2023-05-19 17:16:51,User_2213,User_4880,1170.2,Hyderabad,17,Safe
UPIB0CF4BFBEB4F,2023-01-14 08:56:34,User_6036,User_7169,4600.96,Bangalore,8,Safe
UPIFB70A79FADD4,2023-10-05 08:37:58,User_5068,User_1753,80.26,Mumbai,8,Safe
UPI574AA6B0CAE2,2023-01-16 23:44:05,User_9314,User_3304,4377.27,Chennai,23,Safe
UPIEE0E9618CDC3,2023-08-28 20:25:45,User_9912,User_9803,4310.23,Pune,20,Safe
UPI2F227505A2DF,2023-07-12 11:20:09,User_9577,User_9188,4033.6,Jaipur,11,Safe
UPI1C72DEAFD1D3,2023-01-29 18:07:27,User_4426,User_6022,332.05,Kolkata,18,Safe
UPI48FEF0EDBADB,2023-02-06 22:41:21,User_3921,User_8215,7567.51,Lucknow,22,Safe
UPICB42B6BF3747,2023-08-15 07:06:40,User_8021,User_8131,9723.29,Chennai,7,Safe
UPIDF63885047E9,2023-06-01 10:11:51,User_8489,User_3906,3684.5,Jaipur,10,Safe
UPI683DBB210CD3,2023-02-28 19:20:18,User_4390,User_6969,3551.87,Jaipur,19,Safe
UPI3386FAEFABBE,2023-09-17 22:40:35,User_7369,User_8583,8232.95,Kolkata,22,Safe
UPID4FD821D1414,2023-01-17 15:21:04,User_1912,User_2286,2762.69,Lucknow,15,Safe
UPI1BCDFFAECC2E,2023-10-21 19:23:26,User_4414,User_4368,1549.64,Pune,19,Safe
UPI40C68667005C,2023-08-01 18:44:46,User_3482,User_3097,1227.11,Pune,18,Safe
UPIE057545A9DD8,2023-01-18 10:00:02,User_6659,User_6776,3431.84,Chennai,10,Safe
UPI0AB8EB31B350,2023-05-29 14:12:31,User_8306,User_4158,4672.89,Mumbai,14,Safe
UPID910D231C0E6,2023-08-21 02:44:55,User_5260,User_4470,144043.09,Ahmedabad,2,High Risk (Amount Outlier)
UPI4C4836AF522D,2023-08-29 20:28:03,User_5645,User_6677,3294.37,Delhi,20,Safe
UPI3C6DBAD392FB,2023-05-10 12:50:47,User_5270,User_9814,3948.35,Lucknow,12,Safe
UPI4804EC7B3AFB,2023-05-26 23:46:35,User_6184,User_4363,9048.26,Delhi,23,Safe
UPI1AAAB4F47E38,2023-07-12 18:26:19,User_1851,User_1005,8379.15,Kolkata,18,Safe
UPIA7D21427C2D8,2023-10-16 17:05:00,User_2521,User_3913,577.62,Bangalore,17,Safe
UPID90695DD7403,2023-12-04 10:12:41,User_6850,User_3934,1141.75,Ahmedabad,10,Safe
UPI02F25AC43A6D,2023-08-02 23:52:37,User_5784,User_6371,5909.77,Mumbai,23,Safe
UPI165C9DED2377,2023-11-25 08:50:34,User_3300,User_9565,3942.14,Ahmedabad,8,Safe
UPI66905C33A911,2023-05-10 21:41:59,User_3549,User_5387,5614.73,Jaipur,21,Safe
UPI50F501B8F43A,2023-04-11 20:04:46,User_8328,User_6839,9053.8,Lucknow,20,Safe
UPI1B9AE2F30167,2023-03-31 08:57:31,User_9684,User_3893,6980.81,Bangalore,8,Safe
UPI348DAE08A99F,2023-10-27 11:18:24,User_5409,User_7205,6764.6,Mumbai,11,Safe
UPIE973332AF7C2,2023-08-02 11:58:54,User_8900,User_2758,3919.64,Jaipur,11,Safe
UPIBFB415412E58,2023-05-16 10:36:57,User_2604,User_8180,8485.92,Pune,10,Safe
UPI0DD5EB8AC61C,2023-08-13 14:43:20,User_8574,User_1206,4902.89,Jaipur,14,Safe
UPI7EB2C106BA02,2023-10-28 22:11:48,User_2158,User_9364,1850.6,Chennai,22,Safe
UPI6E048C9D3065,2023-04-22 13:50:44,User_6444,User_4642,3470.3,Lucknow,13,Safe
UPIF2334DD100BB,2023-02-26 19:22:39,User_9157,User_3516,9472.87,Bangalore,19,Safe
UPI5A5E347353CA,2023-06-19 01:57:09,User_9970,User_3826,135188.79,Hyderabad,1,High Risk (Amount Outlier)
UPI613ACAE572CF,2023-10-20 14:42:32,User_9539,User_2108,368.83,Pune,14,Safe
UPIFCF6E3D80BDC,2023-03-25 11:18:23,User_8048,User_1279,2587.47,Hyderabad,11,Safe
UPI71D32B29A11F,2023-12-30 15:36:05,User_2321,User_7352,7439.28,Pune,15,Safe
UPI7569397511F0,2023-03-31 08:08:49,User_3657,User_1521,4812.85,Lucknow,8,Safe
UPIFFACE4E90083,2023-10-24 07:13:04,User_7841,User_4236,6544.57,Hyderabad,7,Safe
UPID335324ADF96,2023-10-05 14:04:12,User_2056,User_2747,1544.85,Lucknow,14,Safe
UPI276BDA3EAFF8,2023-12-29 21:51:23,User_8371,User_4739,916.83,Jaipur,21,Safe
UPIA6378DAA495F,2023-05-22 15:59:16,User_2449,User_6692,6276.22,Delhi,15,Safe
UPIDCF46DD2DE6A,2023-10-09 06:24:58,User_7703,User_1756,2634.04,Jaipur,6,Safe
UPI960033BA0C3C,2023-11-12 17:38:44,User_6786,User_9427,5017.66,Ahmedabad,17,Safe
UPI3AF0C08C536B,2023-10-24 07:35:55,User_5418,User_1448,6188.51,Jaipur,7,Safe
UPI689DF341F8A0,2023-01-14 02:56:31,User_9196,User_3962,278146.25,Jaipur,2,High Risk (Amount Outlier)
UPIC9CA713D620C,2023-09-16 08:01:00,User_9456,User_3423,5476.25,Kolkata,8,Safe
UPI5844CF91CB84,2023-01-16 15:46:31,User_2340,User_5898,1978.65,Kolkata,15,Safe
UPI61E4D6A70641,2023-07-01 22:58:02,User_4865,User_1042,1351.35,Mumbai,22,Safe
UPI4E7EC5B4B9D9,2023-09-21 09:46:23,User_2102,User_5040,4933.69,Lucknow,9,Safe
UPI006B3AEBEA46,2023-07-19 09:31:06,User_9577,User_3718,3261.45,Jaipur,9,Safe
UPI7D6D89A73A5B,2023-07-22 08:11:37,User_2982,User_7627,4843.21,Pune,8,Safe
UPI4E236CE00C5D,2023-01-09 14:22:39,User_4384,User_2771,9900.24,Lucknow,14,Safe
UPI4CC21E849631,2023-10-18 12:21:48,User_6418,User_4577,4384.51,Kolkata,12,Safe
UPI4D3E4AB99BA0,2023-03-23 07:15:15,User_8183,User_7624,6109.47,Bangalore,7,Safe
UPI3F00B429F69D,2023-07-03 22:52:45,User_7942,User_8192,420.88,Pune,22,Safe
UPI997B5681FF06,2023-09-26 12:05:01,User_4296,User_2228,6001.8,Hyderabad,12,Safe
UPI07618C89D51B,2023-08-31 22:08:22,User_5018,User_3183,9039.54,Jaipur,22,Safe
UPIB5C96C7B43B0,2023-01-31 09:39:08,User_9727,User_7938,2944.4,Jaipur,9,Safe
UPIC15CF8F62969,2023-01-13 20:05:19,User_1773,User_5843,4673.78,Hyderabad,20,Safe
UPIE79058920D6A,2023-09-01 18:27:26,User_2012,User_9450,9490.37,Lucknow,18,Safe
UPI343F1FB8DE65,2023-08-04 09:50:19,User_7885,User_5684,7409.94,Bangalore,9,Safe
UPI0763FC59B10F,2023-07-02 19:54:42,User_1832,User_2931,8750.83,Lucknow,19,Safe
UPICC44646B1E34,2023-05-27 21:09:22,User_6960,User_5716,3599.82,Delhi,21,Safe
UPICAE30CB969A1,2023-12-04 09:47:53,User_6302,User_2137,1389.73,Lucknow,9,Safe
UPIBBC3CA3A0420,2023-07-01 11:25:24,User_7419,User_9273,9490.29,Chennai,11,Safe
UPI332CE718F4D3,2023-08-04 15:14:34,User_9428,User_8605,4306.05,Hyderabad,15,Safe
UPIBDCA247C682C,2023-02-17 19:13:40,User_8433,User_4537,9787.39,Mumbai,19,Safe
UPI1003130CB49A,2023-08-05 14:53:39,User_6338,User_8970,1463.18,Jaipur,14,Safe
UPI6E0CDC907FEC,2023-11-05 13:04:39,User_6516,User_4909,388.06,Chennai,13,Safe
UPI2A3C49077144,2023-04-21 11:04:24,User_6985,User_8066,6488.57,Kolkata,11,Safe
UPIE4A8196D07EE,2023-02-15 19:45:57,User_4581,User_1424,226.65,Ahmedabad,19,Safe
UPI904FE5A5FC57,2023-11-12 22:21:59,User_4809,User_7615,167.0,Delhi,22,Safe
UPIA24CD8E7637E,2023-05-03 17:53:02,User_5397,User_2206,8933.71,Kolkata,17,Safe
UPI8E0FF5ABF112,2023-10-13 23:20:56,User_3554,User_2003,9544.2,Hyderabad,23,Safe
UPI78278CCA7532,2023-06-07 08:17:21,User_1620,User_3719,3485.13,Hyderabad,8,Safe
UPI54D795866875,2023-12-21 15:16:37,User_5791,User_1557,1428.84,Bangalore,15,Safe
UPI09C7CB58A3A5,2023-11-22 01:08:24,User_6389,User_7538,179106.65,Delhi,1,High Risk (Amount Outlier)
UPIADEE7E953819,2023-09-11 10:17:37,User_8565,User_3329,2742.97,Hyderabad,10,Safe
UPIA742CE8F32FC,2023-12-09 18:13:30,User_5364,User_8295,5809.36,Mumbai,18,Safe
UPI84365232CF64,2023-09-19 18:30:29,User_2465,User_4811,4325.01,Jaipur,18,Safe
UPI4F8E10257F05,2023-04-29 20:12:19,User_4709,User_8654,1499.56,Hyderabad,20,Safe
UPI46A4416D6C35,2023-04-30 10:31:06,User_4514,User_1862,8785.48,Chennai,10,Safe
UPIA74E955460A8,2023-05-24 10:39:06,User_5226,User_6595,8438.49,Mumbai,10,Safe
UPIAF3071B1482D,2023-12-01 07:41:33,User_3244,User_6339,5855.11,Lucknow,7,Safe
UPI1E323499D272,2023-08-20 14:32:39,User_5367,User_5457,8290.5,Pune,14,Safe
UPIC7D7F02C1B6F,2023-10-07 09:17:29,User_7010,User_6039,3912.81,Kolkata,9,Safe
UPI1EC43D478CC5,2023-04-26 17:07:07,User_4611,User_9671,4128.12,Kolkata,17,Safe
UPI2E644F444B3B,2023-07-29 01:08:44,User_5334,User_5862,155131.88,Chennai,1,High Risk (Amount Outlier)
UPIB6DA310B345B,2023-07-11 20:11:35,User_2787,User_6369,6983.2,Delhi,20,Safe
UPI09D7A84B0846,2023-09-14 15:44:14,User_5922,User_4039,4150.96,Pune,15,Safe
UPIA2840670465D,2023-09-18 02:37:16,User_1418,User_7393,79775.93,Mumbai,2,High Risk (Amount Outlier)
UPID26C46466297,2023-04-09 14:24:46,User_4706,User_8408,1624.06,Chennai,14,Safe
UPICB20EDFD7C4D,2023-05-06 14:25:48,User_8587,User_7754,4503.67,Bangalore,14,Safe
UPI318722C10D99,2023-08-21 21:28:36,User_9976,User_6605,4125.44,Jaipur,21,Safe
UPI64E0EE9EF6EE,2023-03-16 12:23:36,User_8027,User_7019,5669.94,Ahmedabad,12,Safe
UPI230E7FC8C4BC,2023-01-31 11:16:59,User_7321,User_2580,665.98,Mumbai,11,Safe
UPI71B767F53AEF,2023-10-05 15:20:33,User_4729,User_6137,4926.43,Kolkata,15,Safe
UPI483AB7131759,2023-07-12 10:25:29,User_7353,User_5130,4805.84,Bangalore,10,Safe
UPI524E61365535,2023-05-15 07:03:21,User_4194,User_7514,7655.3,Chennai,7,Safe
UPIDEF17FF26E29,2023-06-30 12:43:41,User_2343,User_7244,1375.5,Hyderabad,12,Safe
UPI9A4C16461300,2023-08-12 16:29:41,User_7168,User_9035,4149.76,Kolkata,16,Safe
UPID9A04F9B7C7F,2023-12-24 11:20:54,User_6949,User_5616,2198.25,Chennai,11,Safe
UPIF66C0B98A3DB,2023-12-07 12:14:08,User_2252,User_9781,2953.09,Delhi,12,Safe
UPI7C5A76C7A3AF,2023-12-20 23:25:41,User_2263,User_2073,2485.39,Mumbai,23,Safe
UPI4174ACDEA0B3,2023-10-08 23:22:51,User_1181,User_8265,7708.36,Hyderabad,23,Safe
UPI3217A3C601B8,2023-10-06 01:02:07,User_9029,User_8825,187998.13,Pune,1,High Risk (Amount Outlier)
UPI90BCBC27630F,2023-12-23 01:06:16,User_7831,User_1963,474094.87,Chennai,1,High Risk (Amount Outlier)
UPIB847F95A5825,2023-08-29 22:33:08,User_6572,User_9416,5402.58,Lucknow,22,Safe
UPIA336975CE520,2023-10-06 07:58:44,User_1485,User_4275,2874.31,Mumbai,7,Safe
UPI8A8289326426,2023-09-09 09:18:07,User_9686,User_9116,6529.84,Hyderabad,9,Safe
UPIC9E6894A7ADE,2023-11-10 16:57:46,User_3661,User_9392,3909.35,Chennai,16,Safe
UPI60F7A059CF9A,2023-01-13 13:24:58,User_8564,User_6246,2385.96,Jaipur,13,Safe
UPI15DCED708FDF,2023-11-30 19:20:26,User_3196,User_8171,9452.39,Lucknow,19,Safe
UPIB391B7060F8D,2023-04-09 14:48:09,User_2658,User_9441,5880.83,Pune,14,Safe
UPIDA8C862E926F,2023-12-03 15:58:13,User_3032,User_2097,5993.6,Delhi,15,Safe
UPIC20B71A97F2C,2023-09-04 16:55:53,User_4752,User_6601,3442.07,Hyderabad,16,Safe
UPI6F277820387E,2023-03-08 15:04:42,User_4241,User_4069,6470.83,Delhi,15,Safe
UPI56FAAF90BD94,2023-12-02 14:38:43,User_8602,User_3766,2226.98,Hyderabad,14,Safe
UPIA9B8364E1845,2023-06-21 18:33:07,User_8728,User_4527,9187.14,Chennai,18,Safe
UPI163C3E87DAB6,2023-03-26 13:02:03,User_3913,User_6151,7027.8,Jaipur,13,Safe
UPI59A2B407F54E,2023-07-10 15:21:12,User_8518,User_8590,2216.45,Kolkata,15,Safe
UPI9E4C12DD653F,2023-01-18 11:04:50,User_7397,User_8430,4805.52,Bangalore,11,Safe
UPIB2D915F87CCD,2023-08-13 07:04:27,User_1329,User_7390,8747.06,Jaipur,7,Safe
UPIDD4B66139C49,2023-05-17 22:50:02,User_1701,User_9930,1566.39,Kolkata,22,Safe
UPI1C03D2016D26,2023-02-15 08:54:56,User_2625,User_7429,9369.78,Kolkata,8,Safe
UPI5DFEBE398B38,2023-09-23 12:23:29,User_4854,User_4120,4903.23,Bangalore,12,Safe
UPICD376E6A8371,2023-03-10 23:43:57,User_4474,User_2987,3309.96,Lucknow,23,Safe
UPIDAEE720209E4,2023-05-22 17:18:40,User_8839,User_7710,7728.46,Mumbai,17,Safe
UPI18EB89274723,2023-06-14 12:37:38,User_3468,User_9925,317.6,Ahmedabad,12,Safe
UPICF15E55BEF61,2023-05-30 07:50:17,User_3966,User_2876,5955.01,Kolkata,7,Safe
UPI92B0C2CAE57B,2023-04-17 08:29:12,User_3556,User_5502,9898.46,Chennai,8,Safe
UPI6DF331B62D79,2023-08-24 13:25:41,User_6246,User_2805,3653.54,Kolkata,13,Safe
UPIB77485C3F5AC,2023-11-01 19:58:20,User_1769,User_9179,8470.4,Lucknow,19,Safe
UPIE185FF0DF768,2023-03-01 06:09:01,User_3457,User_6169,608.52,Ahmedabad,6,Safe
UPI0F6750747F80,2023-12-06 08:21:44,User_7255,User_6305,15.77,Pune,8,Safe
UPI1D13C654A93C,2023-01-12 08:01:57,User_5145,User_9085,3559.62,Kolkata,8,Safe
UPI011A047A29EA,2023-02-20 13:32:21,User_4830,User_4519,6310.37,Jaipur,13,Safe
UPIB53FF7891E0D,2023-02-10 18:01:40,User_5530,User_8362,2374.09,Delhi,18,Safe
UPI63F84A5F0490,2023-01-03 07:49:54,User_2550,User_8526,6346.84,Lucknow,7,Safe
UPI87C625E20389,2023-05-14 14:26:02,User_4664,User_1442,7789.56,Chennai,14,Safe
UPI2CC94A4BA03C,2023-12-11 23:20:16,User_3502,User_9307,7111.19,Ahmedabad,23,Safe
UPIC91DE9A5D717,2023-05-31 14:55:14,User_5636,User_1766,4812.96,Hyderabad,14,Safe
UPIB64AA9A2498E,2023-07-26 10:58:13,User_8259,User_8191,5241.76,Ahmedabad,10,Safe
UPI5C60A08EF2ED,2023-05-31 23:23:47,User_1339,User_1389,7677.34,Lucknow,23,Safe
UPI144EEC39EB73,2023-11-24 22:23:03,User_4924,User_4426,9441.45,Hyderabad,22,Safe
UPI534DA9D98D4F,2023-07-26 10:54:39,User_7134,User_6811,8015.13,Lucknow,10,Safe
UPIA66F557B4512,2023-06-20 20:13:04,User_5204,User_5358,9094.14,Kolkata,20,Safe
UPI0A92465FC4DE,2023-01-31 23:58:51,User_8249,User_9428,2049.07,Pune,23,Safe
UPICA5ADEC6CD8D,2023-03-22 18:17:26,User_4845,User_9662,1914.34,Hyderabad,18,Safe
UPI7EEDF94C6465,2023-09-05 20:44:14,User_8710,User_2555,3808.78,Kolkata,20,Safe
UPI1ED87AFF380B,2023-08-14 13:47:56,User_1826,User_5184,3763.88,Chennai,13,Safe
UPIFBE2DCF54FAB,2023-05-09 16:03:01,User_4119,User_7997,2879.31,Bangalore,16,Safe
UPI2CC09DAD5BA9,2023-12-26 14:45:36,User_8983,User_3962,3454.18,Bangalore,14,Safe
UPI3518BD7D380A,2023-07-10 06:59:44,User_2657,User_2182,7648.25,Bangalore,6,Safe
UPI28FF02CD1E53,2023-03-22 20:11:29,User_5219,User_4190,1844.97,Delhi,20,Safe
UPI579721FCBB6F,2023-04-12 12:17:29,User_5889,User_8021,1089.65,Mumbai,12,Safe
UPI769B5F698755,2023-12-26 06:31:32,User_7818,User_7551,5923.19,Lucknow,6,Safe
UPI9DD37EF13893,2023-06-27 17:41:48,User_9303,User_6559,4933.82,Kolkata,17,Safe
UPI003B4A4EC22F,2023-05-25 23:16:32,User_6329,User_6464,8892.27,Chennai,23,Safe
UPIFA61E508A1BF,2023-02-17 09:08:20,User_6439,User_9427,8986.01,Delhi,9,Safe
UPI7BEE2D75348B,2023-05-14 10:08:20,User_1083,User_6401,7810.23,Delhi,10,Safe
UPIB893F2CE2613,2023-02-24 06:54:31,User_9574,User_4040,9177.57,Ahmedabad,6,Safe
UPI4BA917C4034E,2023-01-21 11:22:32,User_2631,User_5665,233.37,Mumbai,11,Safe
UPI358C5B95F2C0,2023-02-11 22:29:10,User_7344,User_2740,9422.39,Bangalore,22,Safe
UPI94A8A6E94CB5,2023-08-06 12:59:45,User_8009,User_3616,3201.23,Ahmedabad,12,Safe
UPIA88348EAFEBF,2023-11-15 13:32:14,User_1961,User_5132,5653.8,Pune,13,Safe
UPI81CA01427B8E,2023-05-14 12:15:40,User_5858,User_6509,5712.68,Hyderabad,12,Safe
UPIF2719E9A362A,2023-04-18 03:48:30,User_9157,User_2576,97497.04,Jaipur,3,High Risk (Amount Outlier)
UPI401017035C63,2023-09-16 19:48:51,User_5600,User_8618,5426.61,Mumbai,19,Safe
UPI16CE18E8CA86,2023-10-07 19:49:27,User_4844,User_3134,3281.95,Lucknow,19,Safe
UPIBAF0C588588C,2023-02-25 09:48:09,User_1944,User_2623,386.6,Ahmedabad,9,Safe
UPI9A97106FBE32,2023-06-16 19:11:43,User_9925,User_7956,6885.94,Lucknow,19,Safe
UPI6B8D6D2D22CD,2023-06-30 19:06:13,User_1325,User_2816,5712.53,Jaipur,19,Safe
UPI4161E812E4B2,2023-02-14 19:05:15,User_5365,User_1311,2221.89,Delhi,19,Safe
UPI29589B7E8D3E,2023-08-16 09:11:06,User_7340,User_3382,7246.39,Pune,9,Safe
UPI1B9CFDA5F4D5,2023-10-29 15:07:52,User_3086,User_7871,1344.73,Kolkata,15,Safe
UPI659B8D6C64D2,2023-03-01 13:43:08,User_5900,User_3532,2936.4,Mumbai,13,Safe
UPI8F595F3F358D,2023-07-06 07:54:07,User_8277,User_9272,4035.89,Bangalore,7,Safe
UPI488F88126D6A,2023-11-30 15:46:57,User_3475,User_5006,2313.67,Jaipur,15,Safe
UPI23BFB9A93896,2023-04-12 21:21:07,User_8188,User_3146,3964.09,Delhi,21,Safe
UPI65243D6DA0E9,2023-11-01 20:49:01,User_1819,User_4923,2999.77,Delhi,20,Safe
UPIC452678FFBDA,2023-04-04 09:51:04,User_9225,User_3517,8118.95,Mumbai,9,Safe
UPID5491867FBB3,2023-11-21 23:47:06,User_3131,User_8197,8429.96,Pune,23,Safe
UPI1D04FC17EB43,2023-08-23 16:30:09,User_9166,User_5480,2903.81,Lucknow,16,Safe
UPI6165C7DEE936,2023-02-04 09:29:43,User_4093,User_8547,6732.51,Hyderabad,9,Safe
UPI806A1E66B006,2023-03-19 08:11:31,User_1150,User_7911,8123.51,Lucknow,8,Safe
UPI9B61CA8CC2E9,2023-10-07 09:25:26,User_1585,User_5952,9736.07,Ahmedabad,9,Safe
UPIA900132D6828,2023-03-24 16:17:09,User_9592,User_1176,9140.28,Kolkata,16,Safe
UPI5E4E89B702E7,2023-05-30 18:37:59,User_9844,User_3456,8438.55,Delhi,18,Safe
UPICB986B174F4A,2023-03-27 18:43:20,User_8130,User_9974,3288.89,Chennai,18,Safe
UPI80CA927E244F,2023-07-21 21:42:13,User_1169,User_9972,8957.14,Pune,21,Safe
UPI9B7DCDE551D9,2023-02-19 18:17:13,User_4331,User_4343,6978.4,Bangalore,18,Safe
UPI90BD11DFC4CC,2023-08-12 18:00:51,User_3403,User_6796,5674.45,Chennai,18,Safe
UPI6084297EBE2D,2023-09-03 13:00:18,User_1949,User_5995,2684.89,Kolkata,13,Safe
UPIFE70EE68A801,2023-04-27 22:23:08,User_1584,User_3572,8786.15,Lucknow,22,Safe
UPIEAAAB7924D9E,2023-12-19 02:59:13,User_4878,User_9780,321018.28,Chennai,2,High Risk (Amount Outlier)
UPI0B07D8D25CD8,2023-06-19 15:33:46,User_3423,User_2595,6995.24,Kolkata,15,Safe
UPI6D3AE0C7A6A6,2023-05-09 23:51:54,User_9253,User_6885,7029.71,Kolkata,23,Safe
UPI6A17365BF06B,2023-04-09 18:18:46,User_4690,User_4763,268.22,Pune,18,Safe
UPI26C029971444,2023-02-05 23:14:59,User_9228,User_3316,4682.97,Lucknow,23,Safe
UPI9492390DD326,2023-12-23 13:08:31,User_7179,User_5953,982.33,Kolkata,13,Safe
UPI74DD235C5823,2023-08-13 23:13:15,User_7374,User_2324,5532.3,Hyderabad,23,Safe
UPI4396F03CE054,2023-05-13 22:44:54,User_5725,User_2457,1144.16,Mumbai,22,Safe
UPI9934CFADACEF,2023-05-19 06:22:55,User_9733,User_8307,6804.37,Kolkata,6,Safe
UPI10F284900887,2023-12-15 20:56:02,User_5681,User_8688,8307.07,Lucknow,20,Safe
UPI0A4D3A6B9276,2023-06-03 23:44:44,User_5919,User_3908,8163.12,Jaipur,23,Safe
UPI1804939BDC1A,2023-11-13 22:34:19,User_1469,User_7328,2965.02,Ahmedabad,22,Safe
UPI5C0E5F7CE8B8,2023-11-18 21:37:44,User_1648,User_5932,1739.18,Kolkata,21,Safe
UPIB96E2E3AAFEF,2023-08-24 14:13:10,User_4943,User_3135,923.2,Mumbai,14,Safe
UPIA8E0D5130FB1,2023-06-14 10:28:43,User_5298,User_8419,7313.6,Lucknow,10,Safe
UPI658C05F47A15,2023-02-22 10:28:30,User_7529,User_4977,4213.93,Pune,10,Safe
UPI2B7EE6A9AF27,2023-05-22 09:28:29,User_6127,User_2884,1936.2,Hyderabad,9,Safe
UPI14C8D03B0D75,2023-08-06 11:55:24,User_8643,User_3928,7746.09,Bangalore,11,Safe
UPI965AC21B52DC,2023-05-05 09:06:07,User_4214,User_2998,8067.52,Chennai,9,Safe
UPIB0B14D0204E0,2023-02-19 16:44:03,User_3483,User_8102,583.23,Mumbai,16,Safe
UPI71D41E2475A8,2023-12-01 20:53:03,User_2320,User_3930,3006.76,Bangalore,20,Safe
UPI7FE7C5CE4A94,2023-11-26 10:55:43,User_9599,User_8063,283.75,Lucknow,10,Safe
UPI489D5679C47B,2023-01-06 17:02:33,User_5354,User_6874,8221.76,Kolkata,17,Safe
UPI2C6B5C0BB54A,2023-08-03 13:49:11,User_8389,User_3768,1432.85,Bangalore,13,Safe
UPIB611D5649068,2023-10-26 21:41:16,User_5922,User_4941,6526.59,Lucknow,21,Safe
UPI2481F4438575,2023-02-14 16:29:20,User_4306,User_6253,5127.94,Pune,16,Safe
UPI1D20C4B6007E,2023-04-22 20:09:26,User_2730,User_4159,2843.0,Kolkata,20,Safe
UPICB86EE962EA8,2023-11-18 20:05:44,User_6233,User_9168,9381.88,Hyderabad,20,Safe
UPI2FF723A5B332,2023-09-05 20:57:40,User_5339,User_8260,8719.83,Delhi,20,Safe
UPI3F6C293080EB,2023-04-05 17:24:00,User_2627,User_3657,2610.07,Delhi,17,Safe
UPI5DC99D0344E8,2023-10-30 12:32:55,User_7661,User_2761,8658.75,Mumbai,12,Safe
UPI783341779425,2023-03-09 10:10:10,User_5643,User_8688,604.96,Bangalore,10,Safe
UPI391B569B17B9,2023-10-03 04:56:35,User_6927,User_6692,89838.23,Ahmedabad,4,High Risk (Amount Outlier)
UPIA138492525C9,2023-02-06 19:34:51,User_7134,User_5312,4703.05,Chennai,19,Safe
UPI2D101CF65CFA,2023-04-13 21:46:33,User_2544,User_4035,3543.84,Jaipur,21,Safe
UPID1812EB3EA82,2023-12-18 16:06:13,User_5757,User_9174,4555.48,Pune,16,Safe
UPI0B365B7D7122,2023-04-06 16:04:36,User_4171,User_9224,1161.54,Ahmedabad,16,Safe
UPIC1D987F7E958,2023-03-17 22:54:37,User_8332,User_3723,1810.01,Pune,22,Safe
UPI144055CFE508,2023-09-27 10:44:14,User_1093,User_6605,3478.57,Mumbai,10,Safe
UPI406EC097FD51,2023-09-15 11:27:39,User_2862,User_4603,1622.56,Ahmedabad,11,Safe
UPIB4D39FF98BCD,2023-03-17 13:48:40,User_9326,User_6033,3227.26,Ahmedabad,13,Safe
UPI32A2809CD627,2023-12-05 13:41:47,User_9187,User_5562,7326.98,Jaipur,13,Safe
UPID6FF26A006DA,2023-02-02 10:31:29,User_5135,User_3686,440.43,Hyderabad,10,Safe
UPI70647D837354,2023-09-30 11:56:02,User_9692,User_7732,2548.1,Pune,11,Safe
UPI7D0FADCD14C9,2023-08-24 21:36:23,User_1313,User_2088,7324.22,Kolkata,21,Safe
UPI971C2A5EF8E3,2023-02-03 14:27:59,User_9100,User_2903,8026.5,Jaipur,14,Safe
UPI3FF5718A09B3,2023-05-25 11:06:18,User_5496,User_2158,10.8,Mumbai,11,Safe
UPI4242CB4523DD,2023-02-04 07:27:04,User_5806,User_8294,6156.6,Jaipur,7,Safe
UPI81ED72A18672,2023-06-19 14:14:46,User_4384,User_4315,5607.49,Bangalore,14,Safe
UPI2E394EDD767A,2023-02-21 16:29:09,User_9806,User_3980,2551.77,Jaipur,16,Safe
UPI39D585328C19,2023-07-17 16:34:24,User_4464,User_1515,7453.45,Jaipur,16,Safe
UPIC2A203C221C1,2023-09-28 18:21:50,User_1125,User_9321,7850.48,Chennai,18,Safe
UPI163C4F3567F1,2023-05-09 21:39:19,User_6687,User_3289,8661.1,Kolkata,21,Safe
UPIDA8729EB4D89,2023-10-22 18:21:36,User_5895,User_9083,4579.95,Lucknow,18,Safe
UPICCBAB9E60D54,2023-07-13 20:07:30,User_7269,User_2088,4415.09,Delhi,20,Safe
UPIB99B61F9B7F8,2023-06-14 15:35:28,User_9357,User_7407,1440.06,Ahmedabad,15,Safe
UPI3EA132D33977,2023-07-02 03:21:03,User_4772,User_6942,72098.7,Pune,3,High Risk (Amount Outlier)
UPI5BA7C6551389,2023-10-23 15:40:09,User_6099,User_1785,9699.29,Chennai,15,Safe
UPI6FF021282E79,2023-03-11 06:34:01,User_3692,User_6912,4093.98,Lucknow,6,Safe
UPIF595682541ED,2023-07-27 11:33:34,User_4267,User_2103,6319.25,Delhi,11,Safe
UPI1B9DC375CFF0,2023-12-09 19:16:36,User_8067,User_2956,7285.58,Lucknow,19,Safe
UPIF8D6746DCC91,2023-09-23 13:46:24,User_4171,User_2376,6189.8,Bangalore,13,Safe
UPI82AD3474E10E,2023-03-03 08:36:51,User_3874,User_8120,5099.54,Chennai,8,Safe
UPIF027817570A9,2023-02-17 20:37:21,User_4006,User_5923,56.82,Chennai,20,Safe
UPI9F250DE28BDD,2023-08-23 17:38:20,User_1956,User_1703,2800.53,Kolkata,17,Safe
UPIA682F15164C7,2023-08-03 16:28:38,User_4492,User_7888,7392.07,Lucknow,16,Safe
UPI763078E592BA,2023-05-07 21:41:26,User_9042,User_5697,1891.74,Hyderabad,21,Safe
UPI92BAC4743AF9,2023-01-01 08:11:43,User_1057,User_3068,1966.31,Mumbai,8,Safe
UPI3F045D8AA7A2,2023-10-09 15:54:53,User_9823,User_7058,2273.3,Pune,15,Safe
UPIF1F4F729722F,2023-12-08 11:28:53,User_7895,User_6596,4198.19,Pune,11,Safe
UPI0A1AF744846B,2023-07-28 14:30:00,User_6432,User_4330,851.35,Kolkata,14,Safe
UPIF065C78746D4,2023-07-27 06:39:30,User_9191,User_8692,5446.11,Kolkata,6,Safe
UPI9C6E4D8F25F5,2023-07-18 23:01:41,User_5463,User_2571,1952.94,Jaipur,23,Safe
UPI8D0905AE2740,2023-04-19 10:16:48,User_6293,User_5896,2135.98,Mumbai,10,Safe
UPI7B3EA234AC50,2023-03-07 16:15:19,User_3493,User_1473,5254.73,Pune,16,Safe
UPIB8F7CF45FE67,2023-11-11 21:57:11,User_6035,User_9392,6971.54,Chennai,21,Safe
UPI383D953965F0,2023-02-15 20:47:41,User_4901,User_5201,2427.93,Bangalore,20,Safe
UPI016D80317105,2023-06-26 22:05:42,User_4412,User_8255,9527.41,Bangalore,22,Safe
UPI929087B5067C,2023-06-06 08:29:40,User_5264,User_1750,932.86,Mumbai,8,Safe
UPIFC07A1EF54EA,2023-01-10 08:37:46,User_3389,User_5819,3568.0,Jaipur,8,Safe
UPI9DB4C2A0B01B,2023-03-23 08:39:03,User_3176,User_3998,6222.43,Hyderabad,8,Safe
UPIAF9924AD08DC,2023-07-08 12:22:03,User_2650,User_5538,5536.06,Bangalore,12,Safe
UPIBFEBAB888899,2023-08-09 12:07:04,User_5285,User_7539,6825.92,Jaipur,12,Safe
UPI7EDA9572FA41,2023-11-01 11:08:56,User_3972,User_6563,2146.1,Hyderabad,11,Safe
UPI3B1760E32BA1,2023-05-26 18:27:09,User_8927,User_6288,157.13,Chennai,18,Safe
UPI914F354E799C,2023-04-01 21:27:59,User_2943,User_1829,3359.76,Hyderabad,21,Safe
UPI53DEB958D507,2023-10-03 19:35:20,User_1797,User_3348,5964.96,Chennai,19,Safe
UPIF2A1E5F632AC,2023-12-21 20:54:24,User_6429,User_5898,3798.33,Pune,20,Safe
UPIFA93F6142260,2023-12-16 23:53:21,User_6549,User_7776,6506.69,Mumbai,23,Safe
UPIBDDD40D45E8E,2023-04-19 22:53:07,User_1329,User_4904,7878.54,Kolkata,22,Safe
UPI76B7E5A1800A,2023-11-20 09:01:50,User_9689,User_2897,8577.53,Hyderabad,9,Safe
UPI37D7F4065C2A,2023-01-18 11:42:15,User_8139,User_1184,8378.58,Ahmedabad,11,Safe
UPI5FD4EFD60F2C,2023-04-11 10:44:29,User_3568,User_4822,8647.48,Delhi,10,Safe
UPI193F824601F5,2023-03-07 04:16:16,User_6199,User_9006,126640.65,Chennai,4,High Risk (Amount Outlier)
UPI4275BBEF2F75,2023-01-07 22:45:50,User_4837,User_6349,1864.93,Pune,22,Safe
UPI545AE37D344D,2023-02-01 14:34:23,User_5905,User_4508,2669.03,Ahmedabad,14,Safe
UPIE2B5911C5B13,2023-07-26 12:52:32,User_2240,User_4726,7724.47,Kolkata,12,Safe
UPI7E1CDF63B54A,2023-04-22 13:30:27,User_4077,User_7175,6025.4,Ahmedabad,13,Safe
UPID53D47472B71,2023-11-05 14:55:42,User_4758,User_9231,5667.58,Delhi,14,Safe
UPIFCDD5BF334E7,2023-04-15 18:16:29,User_8768,User_6998,40.19,Ahmedabad,18,Safe
UPI3344A98F438E,2023-09-17 16:14:19,User_6290,User_1006,3297.96,Jaipur,16,Safe
UPID92A5146660A,2023-10-11 06:03:41,User_9608,User_8283,8763.99,Lucknow,6,Safe
UPI338FB08B1E60,2023-11-14 22:22:18,User_1197,User_5379,6591.44,Jaipur,22,Safe
UPI9686477982FF,2023-11-20 18:33:11,User_7086,User_1769,1278.92,Jaipur,18,Safe
UPI3C2E902E4FCB,2023-10-23 04:52:11,User_3278,User_6600,388395.58,Hyderabad,4,High Risk (Amount Outlier)
UPIB2B9C699EAAF,2023-08-29 09:06:45,User_5202,User_5411,9140.95,Kolkata,9,Safe
UPI4CF59933FF0A,2023-10-20 21:56:58,User_8331,User_7067,7909.05,Chennai,21,Safe
UPI3BE8DF197B61,2023-01-10 08:23:19,User_6784,User_4304,9832.34,Pune,8,Safe
UPIF2BBACA82860,2023-07-15 20:29:05,User_4365,User_3097,5650.39,Bangalore,20,Safe
UPI0CD371601486,2023-07-25 13:36:15,User_4541,User_1593,4956.09,Jaipur,13,Safe
UPIB1CB5AE58569,2023-10-27 19:34:47,User_1629,User_6035,4862.16,Delhi,19,Safe
UPI1ADB67366284,2023-07-04 09:15:00,User_7786,User_2762,3631.9,Jaipur,9,Safe
UPI8487DBBDFFBF,2023-11-03 20:35:53,User_8255,User_8992,9698.12,Delhi,20,Safe
UPI34DCCE708FB1,2023-01-30 18:48:32,User_5847,User_2764,6604.71,Kolkata,18,Safe
UPI13609FDBB3FB,2023-09-01 11:21:23,User_4052,User_2162,3555.43,Delhi,11,Safe
UPI3D9AF34033DC,2023-09-12 12:15:05,User_7353,User_2085,2082.23,Pune,12,Safe
UPI2EAB10667B18,2023-09-02 10:31:08,User_5428,User_6095,9468.48,Chennai,10,Safe
UPI40BC5FA41D39,2023-01-31 11:58:05,User_4055,User_3641,430.59,Lucknow,11,Safe
UPI86A1C8E69A49,2023-01-04 10:12:09,User_9921,User_3741,2388.79,Kolkata,10,Safe
UPIAD71938DAA38,2023-06-21 22:16:26,User_9650,User_3762,5349.46,Delhi,22,Safe
UPI4673ABB9A127,2023-12-22 14:55:09,User_9006,User_1125,438.44,Mumbai,14,Safe
UPI8D62B718E33E,2023-10-13 15:42:42,User_7316,User_2272,4172.99,Jaipur,15,Safe
UPIB21D85AA348D,2023-05-16 13:37:21,User_1028,User_1102,3889.33,Mumbai,13,Safe
UPI7892C6D629F1,2023-12-22 17:10:59,User_2613,User_7614,4489.1,Jaipur,17,Safe
UPIB621A4EE1FDB,2023-10-03 10:15:04,User_4517,User_6507,8981.61,Pune,10,Safe
UPIC0A5C2D2285C,2023-06-17 14:48:56,User_7698,User_3397,8587.11,Hyderabad,14,Safe
UPI2AABBBFD3FE9,2023-07-28 19:07:54,User_4893,User_4537,7829.49,Jaipur,19,Safe
UPI128656DD27A5,2023-07-19 21:42:10,User_6047,User_3149,6584.9,Chennai,21,Safe
UPI9156B40F6EC4,2023-09-20 09:17:46,User_3646,User_6803,61.56,Jaipur,9,Safe
UPI89102467CEDA,2023-06-13 13:24:02,User_2093,User_2393,2053.03,Chennai,13,Safe
UPID5732912B104,2023-02-19 09:05:04,User_4247,User_8904,7073.97,Delhi,9,Safe
UPICC172780B0D5,2023-07-27 06:11:37,User_9751,User_3944,7161.25,Chennai,6,Safe
UPI8FBFC4B80965,2023-08-02 06:37:33,User_4035,User_2135,9536.33,Lucknow,6,Safe
UPI3DF68DF99965,2023-06-14 06:00:28,User_7302,User_4218,7305.96,Chennai,6,Safe
UPI2B699B8F2801,2023-10-16 19:38:30,User_2263,User_5260,9070.88,Chennai,19,Safe
UPIB60072B81D38,2023-01-27 12:41:16,User_8723,User_2511,5882.58,Delhi,12,Safe
UPIE349BC56EF87,2023-02-03 07:21:10,User_5589,User_2043,797.89,Hyderabad,7,Safe
UPIEDD08B3EF698,2023-04-05 10:31:47,User_2897,User_2378,5938.62,Delhi,10,Safe
UPI0495A96AB615,2023-06-06 13:15:12,User_3188,User_8853,6441.66,Mumbai,13,Safe
UPIAE1CDA1E3BF3,2023-06-14 09:25:21,User_2641,User_3745,5305.63,Kolkata,9,Safe
UPIECE93176228C,2023-09-17 19:35:40,User_2114,User_4301,7732.78,Ahmedabad,19,Safe
UPI530CAF6B6A61,2023-09-14 14:54:20,User_2931,User_7226,3167.35,Bangalore,14,Safe
UPI9B05DD96E518,2023-11-11 10:40:52,User_2862,User_2600,4719.74,Ahmedabad,10,Safe
UPIF06184ED214F,2023-05-02 08:23:15,User_4137,User_1164,1712.28,Bangalore,8,Safe
UPI8678E2E0D322,2023-02-18 07:40:05,User_5069,User_9925,7444.06,Ahmedabad,7,Safe
UPI1CCEB9D0EDC1,2023-08-31 09:39:39,User_4275,User_1266,1846.29,Kolkata,9,Safe
UPI1B8571EC5824,2023-07-09 21:08:20,User_9738,User_1211,7980.33,Jaipur,21,Safe
UPIB0BDDFCF6007,2023-02-21 10:47:42,User_5616,User_2202,3884.43,Jaipur,10,Safe
UPIFA6A28A034AC,2023-06-26 12:55:56,User_3003,User_8167,2727.44,Lucknow,12,Safe
UPI5B86F9DC9FBA,2023-07-29 22:14:31,User_8618,User_7791,1720.83,Delhi,22,Safe
UPIEBDB1464FA8C,2023-09-27 22:11:32,User_9508,User_2741,2388.22,Chennai,22,Safe
UPIADA8588503DE,2023-03-02 07:10:48,User_5416,User_9786,5307.65,Lucknow,7,Safe
UPIE19108DF31BA,2023-05-08 23:14:40,User_9075,User_2453,3252.4,Delhi,23,Safe
UPI421894E6398C,2023-12-14 12:13:56,User_9122,User_3917,4393.13,Chennai,12,Safe
UPI6E451E9C80B8,2023-11-17 13:39:28,User_7369,User_7024,263.63,Bangalore,13,Safe
UPIC7AFCBEEAC5A,2023-05-17 10:57:02,User_4217,User_1610,6562.97,Pune,10,Safe
UPIF6E26028D8AA,2023-07-19 20:40:05,User_4503,User_6247,1716.67,Ahmedabad,20,Safe
UPI4EEBDB7B65DF,2023-10-02 12:54:05,User_5563,User_9571,6401.45,Ahmedabad,12,Safe
UPI22702BEA5291,2023-11-05 15:16:51,User_2744,User_1304,5824.4,Lucknow,15,Safe
UPIB10619E491AB,2023-01-18 22:46:30,User_4524,User_8350,4248.14,Ahmedabad,22,Safe
UPID6927A9B45D0,2023-10-28 15:55:24,User_1122,User_4850,1283.21,Jaipur,15,Safe
UPI6FA70D8459D3,2023-10-28 19:20:43,User_2545,User_1784,1401.34,Lucknow,19,Safe
UPI020EEA1FA157,2023-11-29 08:55:22,User_6480,User_5032,3401.7,Kolkata,8,Safe
UPIE19390344CF8,2023-03-14 12:34:22,User_6118,User_3883,3181.77,Hyderabad,12,Safe
UPI1D89A308A0E9,2023-03-28 13:43:10,User_1656,User_7663,5465.75,Delhi,13,Safe
UPI03B2269A13BE,2023-02-28 06:11:31,User_2180,User_4581,1676.04,Mumbai,6,Safe
UPI35C528D0FB6E,2023-04-27 15:20:14,User_2820,User_7178,745.27,Pune,15,Safe
UPI2135EB1B346A,2023-03-16 16:44:17,User_2856,User_8558,3478.88,Chennai,16,Safe
UPI35E5D3D94A61,2023-06-25 18:22:21,User_1550,User_4258,1643.52,Lucknow,18,Safe
UPI6A948213B843,2023-12-29 18:13:55,User_1296,User_1755,1689.89,Chennai,18,Safe
UPI3418F0EA5BB3,2023-06-24 21:44:22,User_6173,User_8038,9940.78,Pune,21,Safe
UPI2368EA894926,2023-09-23 06:18:57,User_1063,User_7523,427.52,Lucknow,6,Safe
UPIAEAB0E96587A,2023-11-25 06:07:29,User_9033,User_7562,7543.04,Kolkata,6,Safe
UPI645A9F8F8066,2023-04-27 20:00:41,User_9077,User_2978,5863.02,Pune,20,Safe
UPIFB408C478A34,2023-12-23 03:52:21,User_4289,User_6560,275284.36,Jaipur,3,High Risk (Amount Outlier)
UPIEB072E9D9221,2023-04-15 14:43:03,User_8180,User_8042,8422.67,Pune,14,Safe
UPI5A44108E6BF4,2023-09-22 23:19:40,User_5798,User_1287,4503.84,Pune,23,Safe
UPI3CBDF36A6AE4,2023-02-23 21:20:06,User_5564,User_4300,4180.07,Chennai,21,Safe
UPI9DDC26486ECA,2023-11-03 07:37:03,User_1334,User_7394,3454.17,Bangalore,7,Safe
UPI6D47691E28A6,2023-08-28 15:30:36,User_7903,User_5966,8101.29,Jaipur,15,Safe
UPIA8D308483574,2023-06-21 20:16:03,User_3742,User_2589,8496.68,Pune,20,Safe
UPIA706C8708F3F,2023-05-05 01:42:29,User_3764,User_2901,215454.78,Pune,1,High Risk (Amount Outlier)
UPI60BC457C3822,2023-04-05 01:58:46,User_9451,User_7037,196228.53,Delhi,1,High Risk (Amount Outlier)
UPI872EA628E491,2023-02-06 18:12:17,User_6511,User_1659,7513.25,Lucknow,18,Safe
UPI4CB1F9D8FC36,2023-07-11 20:14:51,User_6233,User_7296,2516.11,Ahmedabad,20,Safe
UPI551DB0FAB172,2023-04-20 19:23:11,User_7407,User_9794,6768.59,Mumbai,19,Safe
UPIAD8AC3FF8499,2023-03-30 06:57:42,User_7910,User_4170,2765.24,Delhi,6,Safe
UPIE6BDCD717505,2023-05-13 18:56:29,User_9653,User_3391,6929.04,Pune,18,Safe
UPI3D50221C22D1,2023-10-25 01:04:58,User_5092,User_7130,114312.7,Hyderabad,1,High Risk (Amount Outlier)
UPI34225600B279,2023-06-17 20:56:16,User_5350,User_6093,83.61,Mumbai,20,Safe
UPIF44ED8C7EA5B,2023-11-28 15:36:15,User_6913,User_6924,448.8,Mumbai,15,Safe
UPI5511627CD334,2023-12-20 16:06:16,User_5472,User_8990,9263.04,Bangalore,16,Safe
UPI2052763B31C1,2023-09-15 17:13:01,User_3955,User_4202,5402.66,Pune,17,Safe
UPICF3479445FE5,2023-03-24 14:04:42,User_3123,User_5251,9633.05,Jaipur,14,Safe
UPIA7628ABC8B2A,2023-10-25 04:23:59,User_9693,User_5037,249914.36,Lucknow,4,High Risk (Amount Outlier)
UPI330DC90DADAE,2023-01-16 01:36:20,User_3904,User_5693,82357.27,Lucknow,1,High Risk (Amount Outlier)
UPI541D574F61CB,2023-02-06 12:23:51,User_8807,User_8279,4811.79,Chennai,12,Safe
UPI5A8ADBC48DBC,2023-02-06 07:44:07,User_4248,User_9491,1361.25,Mumbai,7,Safe
UPIB39C10927C17,2023-03-29 16:57:09,User_3749,User_4444,3655.79,Jaipur,16,Safe
UPI23D6A66E9086,2023-08-09 09:15:22,User_1277,User_7474,7227.89,Bangalore,9,Safe
UPI93A47B474FE8,2023-05-21 14:34:42,User_8332,User_4415,4045.33,Ahmedabad,14,Safe
UPIC3A1EAF5D7A5,2023-10-21 06:08:26,User_1495,User_9637,6976.67,Jaipur,6,Safe
UPI4789E9DCAA51,2023-06-16 10:20:39,User_1901,User_9815,5507.18,Delhi,10,Safe
UPI979EA2A141E7,2023-10-29 18:40:14,User_5665,User_8183,698.36,Pune,18,Safe
UPIAB6CEE4F0C49,2023-09-30 12:06:19,User_4326,User_5023,7397.23,Chennai,12,Safe
UPIE50C5EA2FF04,2023-12-17 11:13:56,User_1478,User_4660,9869.08,Mumbai,11,Safe
UPI2DACA6787371,2023-04-05 09:05:36,User_3176,User_1468,185.64,Pune,9,Safe
UPI5BD4E68F26B9,2023-06-14 08:19:43,User_3583,User_5090,9646.31,Delhi,8,Safe
UPIF32AAE2D814C,2023-10-26 16:35:35,User_1000,User_3646,734.82,Lucknow,16,Safe
UPI91D48141AF21,2023-08-02 14:42:46,User_4035,User_8902,9821.63,Jaipur,14,Safe
UPI29E5A1CC209B,2023-10-01 21:06:25,User_6671,User_5775,5654.65,Mumbai,21,Safe
UPIEA55EABC5D83,2023-01-21 09:22:36,User_7705,User_1545,9643.15,Ahmedabad,9,Safe
UPI8EEA2ACF7660,2023-04-08 11:53:33,User_7216,User_7364,2125.0,Chennai,11,Safe
UPIFB56D9ACA2E0,2023-05-27 13:48:52,User_1086,User_3741,9004.24,Jaipur,13,Safe
UPI741DF6573D42,2023-02-18 15:57:40,User_9538,User_6645,2633.32,Jaipur,15,Safe
UPI51B93C50DF43,2023-02-28 07:00:29,User_7070,User_6613,3867.35,Mumbai,7,Safe
UPI89BAEB891B25,2023-01-11 18:30:15,User_5416,User_7358,707.9,Ahmedabad,18,Safe
UPIB21C61F8F78E,2023-04-04 21:49:54,User_6562,User_6905,6662.74,Pune,21,Safe
UPIF29BA3CC8FDB,2023-10-31 22:09:45,User_5208,User_4755,4036.61,Pune,22,Safe
UPI218A74889153,2023-05-16 23:50:19,User_4291,User_5664,8638.68,Delhi,23,Safe
UPID5C8319E36AD,2023-12-29 08:53:00,User_4358,User_5984,3940.11,Jaipur,8,Safe
UPI020C690B8943,2023-08-17 13:48:16,User_1362,User_2146,1683.1,Ahmedabad,13,Safe
UPIEA40EF6105AE,2023-06-05 15:24:57,User_5173,User_8883,7545.33,Delhi,15,Safe
UPIA95101343CF9,2023-07-24 14:13:07,User_3670,User_2063,3779.35,Chennai,14,Safe
UPI2E7D73865D2E,2023-03-12 12:52:30,User_6926,User_5724,6394.0,Delhi,12,Safe
UPIDEF9E6415802,2023-01-06 23:15:45,User_5612,User_4975,8178.63,Hyderabad,23,Safe
UPI5DB14482CBAC,2023-05-06 12:00:13,User_3074,User_9537,3171.16,Mumbai,12,Safe
UPI7A8278ECF9A9,2023-06-08 13:36:20,User_2559,User_5017,9532.52,Kolkata,13,Safe
UPID73355C22F2C,2023-09-10 09:15:47,User_1931,User_7232,1218.81,Pune,9,Safe
UPI6EC3B3322003,2023-12-06 22:05:36,User_2878,User_9859,5510.32,Lucknow,22,Safe
UPICBAF960038F3,2023-11-20 11:02:33,User_1089,User_3304,6113.72,Lucknow,11,Safe
UPI77102BF602BF,2023-07-16 16:24:42,User_6965,User_5395,8230.42,Hyderabad,16,Safe
UPI2ED9C8322CAE,2023-09-01 20:14:24,User_6850,User_8023,6816.51,Chennai,20,Safe
UPI0F7ABDC1B6E9,2023-11-22 22:37:51,User_5245,User_1621,9890.34,Delhi,22,Safe
UPID0D9B0FBD678,2023-12-28 08:37:23,User_2812,User_5779,3764.51,Mumbai,8,Safe
UPIA893F040B49A,2023-04-23 06:00:23,User_3094,User_5638,8477.13,Chennai,6,Safe
UPI4FC4C5338C3B,2023-02-01 20:01:52,User_4640,User_9771,255.81,Ahmedabad,20,Safe
UPIC13961E241EB,2023-08-29 10:12:27,User_8261,User_2047,3316.14,Bangalore,10,Safe
UPI7EB2728805FC,2023-03-21 10:35:51,User_1550,User_2165,3537.58,Pune,10,Safe
UPI9CD09B778FA4,2023-05-23 10:45:01,User_9450,User_7812,1939.95,Bangalore,10,Safe
UPI27F9AC533B67,2023-05-23 15:28:21,User_5395,User_9079,2667.57,Kolkata,15,Safe
UPI311E0B581A7A,2023-03-05 14:28:36,User_9795,User_2699,465.0,Delhi,14,Safe
UPI88C66C463745,2023-03-31 12:48:29,User_2654,User_4936,9507.15,Bangalore,12,Safe
UPI0DAE935BAE34,2023-02-19 17:26:17,User_5293,User_5610,5382.27,Jaipur,17,Safe
UPI487E9C4FC6E6,2023-07-11 19:29:27,User_6858,User_3004,5361.56,Lucknow,19,Safe
UPI7E26A7EDFF6D,2023-08-18 18:35:40,User_2151,User_3982,9293.33,Chennai,18,Safe
UPI0DAA0E48F481,2023-11-17 19:36:54,User_5249,User_5590,7017.56,Chennai,19,Safe
UPIB6A98B80191B,2023-07-31 19:41:24,User_7123,User_1253,474.5,Kolkata,19,Safe
UPI5F3D086C0724,2023-01-16 22:56:53,User_4272,User_4773,3349.0,Kolkata,22,Safe
UPI2200376FCEC7,2023-05-24 04:16:35,User_4958,User_1000,306643.77,Delhi,4,High Risk (Amount Outlier)
UPI3A6A6C70B51D,2023-05-14 14:54:08,User_7805,User_7934,3127.39,Pune,14,Safe
UPI5EA13CFB26AE,2023-09-07 12:07:42,User_6711,User_8486,5235.18,Hyderabad,12,Safe
UPIC71CD621620A,2023-07-22 08:18:00,User_6030,User_3212,4552.45,Bangalore,8,Safe
UPIA56FDCFA8C83,2023-11-25 08:14:16,User_8685,User_1054,6281.03,Mumbai,8,Safe
UPIDDA5663E12E9,2023-09-19 14:08:11,User_5894,User_3490,3777.89,Jaipur,14,Safe
UPI4DA111C17F5A,2023-08-02 16:24:51,User_6873,User_3717,4351.17,Hyderabad,16,Safe
UPI5ABA722B4403,2023-05-26 15:00:25,User_9337,User_5080,3980.82,Lucknow,15,Safe
UPIF57D83D7F386,2023-01-31 23:04:11,User_8063,User_2457,3066.87,Lucknow,23,Safe
UPI767CABE65670,2023-06-19 23:07:28,User_7069,User_4717,4323.94,Delhi,23,Safe
UPI4E350E858A67,2023-07-19 10:26:08,User_5609,User_8317,3605.68,Mumbai,10,Safe
UPI4755C945F521,2023-06-19 18:04:32,User_3943,User_2224,4527.19,Chennai,18,Safe
UPI5DEA7FDDC12A,2023-01-07 07:43:38,User_7323,User_5769,8697.23,Delhi,7,Safe
UPIBCDC297733F7,2023-03-16 17:47:54,User_3678,User_1001,8108.81,Bangalore,17,Safe
UPI04BA6D8A8DA0,2023-10-22 13:29:10,User_8211,User_6750,7714.59,Chennai,13,Safe
UPI26F88620D3E5,2023-06-11 22:25:22,User_5870,User_2947,2073.41,Bangalore,22,Safe
UPI25C19EB40553,2023-08-29 12:36:17,User_2512,User_1353,324.74,Lucknow,12,Safe
UPI2187D6F3FD9D,2023-08-23 08:35:30,User_1846,User_8717,455.24,Chennai,8,Safe
UPI81004B131CCF,2023-07-04 07:13:23,User_2275,User_7323,802.94,Mumbai,7,Safe
UPI1115DDBC5596,2023-06-02 17:10:55,User_9406,User_5560,4546.91,Bangalore,17,Safe
UPI22A93CD81A0E,2023-01-24 07:43:30,User_3749,User_8104,9394.16,Ahmedabad,7,Safe
UPI64F70A6DE8FE,2023-05-05 12:21:44,User_7215,User_3109,4963.95,Hyderabad,12,Safe
UPI11B2AB0DBA76,2023-02-21 13:43:27,User_4587,User_2848,1111.25,Pune,13,Safe
UPIDFE1CF4180EA,2023-11-19 22:25:29,User_5265,User_3777,8978.62,Chennai,22,Safe
UPIF45879B70EE7,2023-02-20 21:54:09,User_7486,User_3667,7186.83,Delhi,21,Safe
UPI0799E1A0E354,2023-07-24 11:05:40,User_4364,User_8837,5999.42,Bangalore,11,Safe
UPI975B07AC26B8,2023-02-12 11:57:13,User_1748,User_9258,8834.05,Kolkata,11,Safe
UPI43E730F4EAFB,2023-03-18 08:16:36,User_2857,User_7791,3429.23,Delhi,8,Safe
UPI279484A059F6,2023-07-16 08:17:45,User_1094,User_4241,7818.14,Jaipur,8,Safe
UPI0EC26A3B18ED,2023-08-20 11:52:17,User_4080,User_4152,4902.49,Jaipur,11,Safe
UPIABBF61C8B8C9,2023-12-28 16:26:17,User_6771,User_7300,4380.42,Hyderabad,16,Safe
UPI0F7E8414EC49,2023-11-07 14:12:55,User_7042,User_9875,338.07,Lucknow,14,Safe
UPI2A01E464598D,2023-02-10 17:09:46,User_2704,User_8351,4809.35,Delhi,17,Safe
UPI2ABA5B35CCC2,2023-09-25 17:55:29,User_7044,User_9402,5505.15,Hyderabad,17,Safe
UPIEDDAF0905B83,2023-08-13 10:56:27,User_9345,User_4651,1363.4,Mumbai,10,Safe
UPIF7D0CE6F68EF,2023-07-11 19:32:55,User_8845,User_3858,4190.08,Kolkata,19,Safe
UPI28AC1970DC22,2023-12-01 08:56:27,User_9389,User_3964,2764.38,Ahmedabad,8,Safe
UPI50847DAB88E8,2023-11-05 11:53:47,User_2944,User_2679,3662.73,Mumbai,11,Safe
UPIF627761DFD2C,2023-02-14 23:25:16,User_5638,User_1032,3415.3,Hyderabad,23,Safe
UPI3E8DD8BE5727,2023-01-30 06:56:13,User_2599,User_7953,5402.16,Mumbai,6,Safe
UPIE0C801338979,2023-09-14 09:00:36,User_3381,User_6026,2946.61,Jaipur,9,Safe
UPI797FE8CC84BA,2023-01-09 08:39:59,User_7674,User_5453,3905.44,Mumbai,8,Safe
UPI759B9D336AC9,2023-08-03 20:32:22,User_7378,User_2804,5566.28,Chennai,20,Safe
UPI82A091DA6480,2023-07-18 07:45:50,User_3298,User_8695,8745.2,Mumbai,7,Safe
UPI6ECD30802801,2023-11-22 18:46:31,User_2724,User_3198,9133.17,Ahmedabad,18,Safe
UPIE5F464915647,2023-06-12 23:57:55,User_1458,User_9586,6090.41,Bangalore,23,Safe
UPI24B371A6280B,2023-03-30 17:59:13,User_4823,User_5662,1608.48,Jaipur,17,Safe
UPIEC261E16AEF9,2023-06-16 12:35:09,User_3541,User_9552,1310.38,Delhi,12,Safe
UPICBDCB440B3C0,2023-06-15 10:33:41,User_9791,User_8194,2250.54,Bangalore,10,Safe
UPI276D3DD86F62,2023-10-26 08:52:58,User_5476,User_2990,9456.27,Kolkata,8,Safe
UPI40F6265A0EEF,2023-09-22 08:02:23,User_7156,User_5470,160.67,Pune,8,Safe
UPI9AA35D01D97C,2023-03-03 06:38:05,User_3364,User_4751,3378.33,Mumbai,6,Safe
UPIFC1BFFBCEB4D,2023-04-18 10:59:24,User_5031,User_5970,9263.14,Pune,10,Safe
UPICF2D08156B96,2023-07-08 12:38:08,User_8860,User_8824,7984.93,Chennai,12,Safe
UPI1BADD4DEF5D1,2023-07-31 22:36:19,User_1657,User_4858,2089.0,Kolkata,22,Safe
UPI0B1267FB2B88,2023-07-24 13:13:33,User_7651,User_1599,5722.53,Hyderabad,13,Safe
UPI56A2D5FC9532,2023-07-18 15:08:21,User_1975,User_7262,7228.76,Bangalore,15,Safe
UPI662C3622E99A,2023-03-28 13:33:24,User_3714,User_9665,6508.46,Hyderabad,13,Safe
UPI2946DD57FA0D,2023-06-06 02:51:01,User_8409,User_4314,162998.2,Jaipur,2,High Risk (Amount Outlier)
UPID8637C66F641,2023-08-27 21:15:44,User_2715,User_2754,1348.06,Kolkata,21,Safe
UPI60144B95AD7E,2023-06-01 11:37:20,User_7026,User_2353,721.53,Ahmedabad,11,Safe
UPI1B4EAE0F2440,2023-02-01 21:02:24,User_9171,User_8189,8568.83,Jaipur,21,Safe
UPI6952F9C1E364,2023-02-27 11:28:48,User_3324,User_4646,334.63,Lucknow,11,Safe
UPI3544687249C0,2023-07-07 18:53:24,User_3407,User_3349,6819.47,Kolkata,18,Safe
UPI58CC45B9E590,2023-11-28 06:46:23,User_6895,User_6045,8310.75,Jaipur,6,Safe
UPIBD063E0F0543,2023-09-06 10:54:08,User_7314,User_3530,3400.57,Mumbai,10,Safe
UPI236F5F479AAF,2023-09-06 06:07:05,User_8784,User_6887,2061.34,Delhi,6,Safe
UPIBE45ECF577F8,2023-08-27 09:51:20,User_2016,User_7874,3480.59,Kolkata,9,Safe
UPICCF4AC6AEC4E,2023-07-07 21:48:28,User_6386,User_2545,8190.11,Jaipur,21,Safe
UPIAB68A551981F,2023-07-25 21:54:02,User_1401,User_4127,7923.43,Kolkata,21,Safe
UPI928946B01D6D,2023-07-25 16:53:16,User_7909,User_4559,4186.68,Pune,16,Safe
UPIA9FAC5F4321B,2023-12-09 08:19:40,User_7912,User_3352,5869.24,Bangalore,8,Safe
UPICAA0BC49D58D,2023-02-14 10:52:33,User_5689,User_9713,8192.46,Lucknow,10,Safe
UPI75C7CFC09FC8,2023-05-01 14:09:43,User_1939,User_6611,1807.31,Delhi,14,Safe
UPI45789759CB4F,2023-10-30 08:41:47,User_7874,User_5838,9324.83,Hyderabad,8,Safe
UPI5E6DA420F90D,2023-09-05 06:42:58,User_6498,User_9697,902.64,Chennai,6,Safe
UPIAF8A63C12A30,2023-07-23 11:22:16,User_3650,User_2212,742.98,Delhi,11,Safe
UPI4DA29BBD70D5,2023-09-28 16:03:30,User_3498,User_9222,76.62,Pune,16,Safe
UPICD545B06CAD8,2023-07-22 13:44:15,User_7709,User_1523,2264.95,Jaipur,13,Safe
UPIC77CABAA2EBA,2023-01-31 10:07:30,User_6347,User_2349,7213.88,Jaipur,10,Safe
UPI77E43038FBA1,2023-09-14 16:44:17,User_7408,User_1961,2295.3,Pune,16,Safe
UPIF88B1B85AC20,2023-04-12 07:49:19,User_2722,User_4904,6424.78,Delhi,7,Safe
UPIABEAFB32658A,2023-08-14 16:31:37,User_1186,User_3426,6659.32,Jaipur,16,Safe
UPI72CEF124C805,2023-12-28 10:05:49,User_1958,User_1236,6540.88,Kolkata,10,Safe
UPI9C36E3A1BB7D,2023-08-10 03:06:09,User_3053,User_1351,493672.93,Chennai,3,High Risk (Amount Outlier)
UPIFD19E105D14D,2023-09-11 06:54:27,User_1241,User_7980,861.41,Jaipur,6,Safe
UPI0C950DD39337,2023-01-03 10:39:52,User_3033,User_8595,2328.92,Kolkata,10,Safe
UPI2CCDA8DCB169,2023-02-08 16:18:57,User_7344,User_7855,3419.67,Jaipur,16,Safe
UPI7D6B9574B56A,2023-09-11 08:01:09,User_4867,User_3496,9734.0,Pune,8,Safe
UPI62ADA4553959,2023-11-23 07:34:53,User_6781,User_4911,7748.43,Ahmedabad,7,Safe
UPI67D97ED3E057,2023-03-10 19:20:28,User_1659,User_7711,6386.75,Pune,19,Safe
UPI4B8D9041CA85,2023-08-11 10:46:06,User_2229,User_7749,4442.3,Delhi,10,Safe
UPI01606CA1E4AF,2023-05-24 11:11:31,User_2135,User_6956,5670.6,Kolkata,11,Safe
UPIAF82FB21864C,2023-07-25 21:39:14,User_6348,User_7282,4150.37,Jaipur,21,Safe
UPI69C769ED2B4D,2023-01-13 06:12:02,User_3027,User_5090,9794.9,Chennai,6,Safe
UPI1EEEA20255B3,2023-05-10 13:05:35,User_9089,User_3124,2898.29,Pune,13,Safe
UPI5FAF66358BCC,2023-11-24 11:12:59,User_2561,User_5291,8844.97,Jaipur,11,Safe
UPI37153B94F089,2023-12-01 09:02:12,User_3997,User_5565,2785.13,Jaipur,9,Safe
UPIA2D239934267,2023-10-29 09:50:41,User_4385,User_2297,6679.91,Kolkata,9,Safe
UPI08425FED361C,2023-04-02 04:27:45,User_7814,User_4005,268875.81,Chennai,4,High Risk (Amount Outlier)
UPI179FFEE57032,2023-03-09 21:45:34,User_7793,User_2470,4964.52,Chennai,21,Safe
UPI2D07C3671341,2023-01-16 10:17:59,User_2955,User_7155,8101.11,Hyderabad,10,Safe
UPI6EAEA72959F7,2023-03-10 13:24:34,User_3221,User_8383,4955.95,Chennai,13,Safe
UPI3F23F2371E34,2023-04-24 16:21:01,User_3197,User_2433,5517.88,Lucknow,16,Safe
UPIFD9B931B4FBA,2023-02-01 12:18:45,User_4336,User_6285,7321.47,Kolkata,12,Safe
UPI0E3A5CDA6C6F,2023-10-25 17:26:40,User_9393,User_3643,4179.61,Kolkata,17,Safe
UPIA8652251EF3F,2023-06-19 10:30:20,User_8676,User_5274,8733.27,Kolkata,10,Safe
UPI0D5B4B660A89,2023-02-22 17:38:26,User_5150,User_7649,7121.25,Ahmedabad,17,Safe
UPIB23B7C22D47A,2023-05-02 10:07:00,User_7035,User_5094,6516.42,Delhi,10,Safe
UPI8BB3E6C6591E,2023-11-13 20:21:35,User_1771,User_9243,7983.54,Pune,20,Safe
UPI6861E6607A34,2023-10-22 09:24:38,User_8014,User_8056,4528.11,Mumbai,9,Safe
UPI55E8FECC62E7,2023-11-07 19:46:27,User_9082,User_9375,9247.96,Mumbai,19,Safe
UPIC07B850445DE,2023-09-21 23:34:43,User_2598,User_3001,9418.62,Hyderabad,23,Safe
UPIB7DF9BCBC3E3,2023-04-23 09:08:42,User_2364,User_7070,160.78,Kolkata,9,Safe
UPIE7E74C7BB2F0,2023-11-16 15:21:18,User_1750,User_6904,1343.19,Jaipur,15,Safe
UPIC1B63A5FE410,2023-07-20 23:42:21,User_7714,User_4314,9829.41,Bangalore,23,Safe
UPIE2B0BBEF4C4C,2023-07-06 07:40:26,User_2487,User_6124,2165.09,Delhi,7,Safe
UPIDD7FD10C9F5B,2023-09-05 13:22:37,User_9057,User_9160,4950.41,Pune,13,Safe
UPI686CC6FD4F32,2023-06-09 15:14:57,User_9637,User_6082,2372.46,Hyderabad,15,Safe
UPIF4CB40A17EA2,2023-07-17 12:03:45,User_1722,User_8185,7573.45,Hyderabad,12,Safe
UPI1734D9B2A973,2023-01-11 17:04:44,User_6558,User_3464,7812.67,Mumbai,17,Safe
UPI79E688865FD3,2023-11-30 17:09:48,User_9466,User_7292,1266.06,Hyderabad,17,Safe
UPI759A4AD43184,2023-02-14 19:24:43,User_3056,User_5991,2915.03,Ahmedabad,19,Safe
UPI7CB3B95F3172,2023-11-09 21:52:53,User_9026,User_2074,6442.1,Chennai,21,Safe
UPI8F142F6AEDCB,2023-05-29 08:32:04,User_3702,User_4774,7780.46,Ahmedabad,8,Safe
UPIE103A6FDB8FB,2023-02-03 14:06:23,User_8872,User_6537,8597.96,Chennai,14,Safe
UPIC11CA6775DC4,2023-07-16 15:41:17,User_8022,User_3508,8359.14,Bangalore,15,Safe
UPID44BBC8984CB,2023-11-08 22:09:32,User_2118,User_5517,6979.14,Mumbai,22,Safe
UPI9371672BDFEE,2023-06-22 21:01:28,User_9147,User_2466,3374.88,Jaipur,21,Safe
UPI01124BF27C1B,2023-02-16 02:10:59,User_5489,User_5558,375354.78,Kolkata,2,High Risk (Amount Outlier)
UPIC28CFEBC4988,2023-03-03 07:56:14,User_5736,User_9303,4351.11,Jaipur,7,Safe
UPI878A5C6ECDC0,2023-12-23 16:45:59,User_3006,User_3997,8519.47,Hyderabad,16,Safe
UPI91AA5D1B7A8D,2023-07-08 15:12:15,User_5378,User_4969,6630.69,Mumbai,15,Safe
UPI863E280E15E8,2023-12-14 08:54:25,User_3413,User_1360,9440.84,Kolkata,8,Safe
UPI985EF94F9EFD,2023-12-14 10:33:57,User_4934,User_8278,536.72,Hyderabad,10,Safe
UPI9046B2187815,2023-11-01 17:11:06,User_1098,User_5022,1885.97,Chennai,17,Safe
UPI19450C1EBBA7,2023-03-24 12:17:30,User_7020,User_6057,3591.62,Chennai,12,Safe
UPIFF981D5F4381,2023-09-06 08:40:17,User_3010,User_3718,9322.97,Ahmedabad,8,Safe
UPIC3E2E77F0E22,2023-07-10 21:34:12,User_5460,User_4199,5576.95,Ahmedabad,21,Safe
UPI91DE12EDE109,2023-02-25 16:08:42,User_7559,User_6832,2312.87,Pune,16,Safe
UPI05DCDABCE176,2023-04-17 08:55:00,User_3445,User_8258,6400.33,Mumbai,8,Safe
UPI665DFC7B8828,2023-05-29 10:17:35,User_1766,User_5694,4232.61,Jaipur,10,Safe
UPI7D5B4953B7D6,2023-03-01 17:17:22,User_5105,User_2858,4320.25,Bangalore,17,Safe
UPI03AA580CBFB9,2023-11-03 21:45:38,User_3930,User_3832,2922.18,Hyderabad,21,Safe
UPI754D5047598D,2023-04-13 12:10:52,User_7511,User_7979,3987.35,Kolkata,12,Safe
UPIF5A05071F21E,2023-06-10 17:58:35,User_7827,User_9513,82.19,Delhi,17,Safe
UPI9599CAA7096A,2023-05-01 04:02:49,User_4418,User_2592,479149.93,Bangalore,4,High Risk (Amount Outlier)
UPI69E6D89991A1,2023-07-30 13:53:01,User_9956,User_5802,444.07,Kolkata,13,Safe
UPI8B27C3E1A4AA,2023-03-23 12:36:24,User_7021,User_9516,8449.03,Chennai,12,Safe
UPIFBB76C10C585,2023-02-26 10:35:25,User_2125,User_7859,1231.39,Bangalore,10,Safe
UPI14E87275CAE6,2023-08-30 22:16:11,User_5730,User_3547,3861.77,Pune,22,Safe
UPIE332D671C32E,2023-07-03 08:26:29,User_5614,User_8326,2246.64,Chennai,8,Safe
UPI636FBE68D6C5,2023-01-11 10:57:24,User_6441,User_4219,6996.16,Pune,10,Safe
UPIFF94DDC21235,2023-07-22 19:04:12,User_5963,User_5754,5979.11,Jaipur,19,Safe
UPI6CE52C70AED1,2023-01-23 15:57:28,User_6133,User_2917,6781.13,Jaipur,15,Safe
UPIB8E0D339DBC4,2023-08-18 09:52:23,User_4200,User_5625,8996.92,Lucknow,9,Safe
UPI7FA661A7B4C1,2023-06-28 19:37:20,User_5777,User_5958,6160.72,Chennai,19,Safe
UPIA7557CFD56B8,2023-01-15 12:49:47,User_5224,User_8166,4637.23,Ahmedabad,12,Safe
UPIF2DC2BC87849,2023-09-07 08:34:18,User_6790,User_3559,8501.54,Jaipur,8,Safe
UPIA5340E88435B,2023-03-30 18:10:54,User_5532,User_7506,5641.64,Delhi,18,Safe
UPI01AF94AB91AC,2023-07-02 21:36:11,User_8970,User_6233,7918.67,Lucknow,21,Safe
UPIA155DAA0003C,2023-01-29 08:55:59,User_3066,User_5242,168.23,Mumbai,8,Safe
UPI4F0E564023E6,2023-10-05 21:54:29,User_2113,User_5092,3909.47,Delhi,21,Safe
UPI2C45ACB14C0B,2023-08-05 18:35:04,User_3753,User_5943,1903.44,Jaipur,18,Safe
UPI6476C6CF68F1,2023-01-11 15:12:31,User_6219,User_1452,4252.07,Bangalore,15,Safe
UPI39CF5A9AD5E7,2023-09-11 07:49:29,User_1998,User_4225,527.27,Bangalore,7,Safe
UPI5B60536FA2A0,2023-09-28 21:53:09,User_2154,User_8023,9484.92,Lucknow,21,Safe
UPIBE4D788FB8F7,2023-02-25 10:26:09,User_9783,User_1862,2668.06,Jaipur,10,Safe
UPICEB0DD23CAA1,2023-05-05 17:45:45,User_1678,User_7802,2382.09,Pune,17,Safe
UPI40FDE47A5DE1,2023-11-05 06:46:16,User_2509,User_7618,5394.8,Delhi,6,Safe
UPI3FA90358D10E,2023-02-07 03:25:25,User_3820,User_4085,279948.4,Pune,3,High Risk (Amount Outlier)
UPIB1F9E6EF665D,2023-06-18 23:28:43,User_4353,User_8468,9440.06,Delhi,23,Safe
UPI9AAFA46AE7E8,2023-08-30 07:19:39,User_1293,User_9615,2829.44,Jaipur,7,Safe
UPI2BEDC9E52D4C,2023-11-03 08:47:50,User_2917,User_6969,5050.48,Pune,8,Safe
UPI0BFD92DEF906,2023-08-15 08:31:40,User_2113,User_4636,5650.39,Lucknow,8,Safe
UPI1BC078BB0F36,2023-12-14 04:55:58,User_2814,User_1337,206314.09,Kolkata,4,High Risk (Amount Outlier)
UPI9D3088423F31,2023-10-27 01:06:19,User_7782,User_6598,302642.04,Ahmedabad,1,High Risk (Amount Outlier)
UPIB05ADFFDEEB7,2023-09-04 08:40:15,User_2991,User_3657,1605.63,Pune,8,Safe
UPIEE6C5CFDA617,2023-07-25 11:45:18,User_6054,User_7458,8689.26,Delhi,11,Safe
UPI3BD65AA9D951,2023-02-04 19:26:05,User_7422,User_9774,972.1,Bangalore,19,Safe
UPI90D12DA9B8A3,2023-12-29 20:07:33,User_3725,User_4461,1365.06,Chennai,20,Safe
UPIAE05AE421DB8,2023-08-02 10:32:01,User_8425,User_5375,7793.22,Bangalore,10,Safe
UPIBC0C013B0140,2023-12-22 07:11:11,User_2567,User_8504,4358.6,Ahmedabad,7,Safe
UPI9C5107B6560A,2023-12-27 13:11:06,User_2625,User_7709,630.1,Pune,13,Safe
UPI5E43E5B6D65F,2023-09-16 20:29:14,User_1171,User_8693,913.69,Bangalore,20,Safe
UPI6A38B8D46B79,2023-06-25 10:29:43,User_3266,User_7658,8651.51,Ahmedabad,10,Safe
UPI29C21DAE7AE3,2023-12-08 21:45:35,User_5973,User_6802,5692.65,Mumbai,21,Safe
UPI0A65E38E9427,2023-03-26 11:42:25,User_7826,User_6517,2629.25,Jaipur,11,Safe
UPI096B102576BE,2023-01-26 09:44:05,User_4476,User_4353,3450.3,Delhi,9,Safe
UPIAB01D4976188,2023-04-02 07:19:08,User_6161,User_5267,960.49,Kolkata,7,Safe
UPI84D8894CA21C,2023-09-03 12:56:59,User_1889,User_4407,5736.99,Pune,12,Safe
UPI8C370A4384A6,2023-01-30 11:20:35,User_5138,User_2325,6454.11,Bangalore,11,Safe
UPIAE5CE784666B,2023-02-21 22:51:44,User_2379,User_5849,3164.78,Pune,22,Safe
UPIA185FF231255,2023-12-13 16:12:12,User_6313,User_8255,9415.94,Ahmedabad,16,Safe
UPI0D7F7F2EECBA,2023-06-02 10:46:05,User_5719,User_2654,2155.39,Bangalore,10,Safe
UPI9B33EFBEFD98,2023-03-07 17:32:05,User_3037,User_4600,60.2,Bangalore,17,Safe
UPI4FC4B0806025,2023-03-23 06:32:49,User_8879,User_2510,1274.43,Hyderabad,6,Safe
UPI37CF068133E1,2023-06-17 12:02:46,User_8371,User_4292,8976.95,Jaipur,12,Safe
UPI071831FD5E22,2023-09-26 18:51:00,User_8677,User_5053,4731.84,Hyderabad,18,Safe
UPI94776F741532,2023-11-23 20:17:55,User_5533,User_7257,574.69,Lucknow,20,Safe
UPI89735B7F7905,2023-11-05 21:36:17,User_4836,User_2683,3365.87,Chennai,21,Safe
UPI4936C676A213,2023-04-24 21:22:03,User_1492,User_4429,6785.56,Pune,21,Safe
UPIA8E9532ED340,2023-09-09 09:52:58,User_7389,User_4899,5335.97,Bangalore,9,Safe
UPI07267A779B26,2023-09-21 22:18:51,User_4720,User_7973,8940.91,Pune,22,Safe
UPI70CC3F8255AC,2023-11-06 13:36:43,User_2254,User_1421,3137.77,Kolkata,13,Safe
UPIB9C2CA1F8205,2023-09-17 18:26:03,User_2817,User_7930,4940.7,Bangalore,18,Safe
UPIFE063BB58001,2023-09-25 13:23:40,User_1566,User_6542,4378.39,Bangalore,13,Safe
UPI24A5553A4D73,2023-10-01 15:16:41,User_4404,User_8213,446.27,Bangalore,15,Safe
UPI790E062B2B63,2023-09-03 08:11:15,User_3434,User_2846,1718.57,Delhi,8,Safe
UPI8B01767C77BD,2023-06-06 06:05:26,User_2911,User_9895,3976.65,Mumbai,6,Safe
UPI5FB6C40F5DA0,2023-04-27 13:30:29,User_5366,User_9765,9970.73,Bangalore,13,Safe
UPIBC75EDEAAE0C,2023-08-16 15:26:12,User_5869,User_9923,1701.57,Bangalore,15,Safe
UPI05D25D9BE417,2023-06-28 16:05:48,User_5865,User_8548,7807.39,Kolkata,16,Safe
UPIFDDFD663186B,2023-04-16 16:19:29,User_4853,User_6245,5460.66,Jaipur,16,Safe
UPI26EECF6427BF,2023-04-22 09:12:50,User_3957,User_4994,7767.97,Kolkata,9,Safe
UPI27A854D7CFDC,2023-05-31 17:23:38,User_3343,User_9311,2644.8,Ahmedabad,17,Safe
UPIB2D5B987BC83,2023-03-14 15:36:27,User_2837,User_9496,5309.43,Bangalore,15,Safe
UPI9984CDEE8C14,2023-10-29 23:31:37,User_3409,User_2832,7814.71,Pune,23,Safe
UPI1A1811A80DA4,2023-12-16 10:00:44,User_4662,User_4253,7822.74,Mumbai,10,Safe
UPID15E8F7FEC88,2023-11-25 17:00:19,User_4133,User_2324,2605.22,Ahmedabad,17,Safe
UPI33AC3E167DE2,2023-09-14 10:28:25,User_8931,User_5503,4945.38,Mumbai,10,Safe
UPIED2926885010,2023-08-24 12:18:28,User_6853,User_5484,8557.98,Mumbai,12,Safe
UPI0F34135467F3,2023-09-09 20:50:45,User_9979,User_8254,8353.49,Lucknow,20,Safe
UPIB21D33F12E2B,2023-08-05 19:20:45,User_3216,User_3245,2564.01,Delhi,19,Safe
UPI33B3D6D48C6B,2023-11-09 06:04:48,User_3156,User_5636,2473.37,Hyderabad,6,Safe
UPIACC4B8751ECF,2023-03-25 06:39:55,User_9240,User_3964,5541.06,Lucknow,6,Safe
UPIB7CDD933A00B,2023-12-27 19:31:43,User_6623,User_3122,5317.04,Chennai,19,Safe
UPIF27D713C75B3,2023-12-19 15:06:24,User_5108,User_3658,7720.21,Delhi,15,Safe
UPI39948A784BAE,2023-07-18 06:25:07,User_1334,User_1970,2526.8,Ahmedabad,6,Safe
UPIDC7ED30FF26E,2023-07-07 20:15:09,User_5575,User_6350,9540.53,Hyderabad,20,Safe
UPIA92688E6C48B,2023-05-16 04:37:33,User_1495,User_2593,498076.11,Chennai,4,High Risk (Amount Outlier)
UPI27D5DE9068D3,2023-09-01 11:03:38,User_1592,User_3128,3827.35,Kolkata,11,Safe
UPI8FC9443F825E,2023-03-09 09:47:41,User_8434,User_8327,2707.59,Mumbai,9,Safe
UPIDAFF781677C5,2023-10-12 18:31:57,User_1892,User_2050,8269.9,Ahmedabad,18,Safe
UPI585FB5209052,2023-08-18 11:15:33,User_2386,User_4693,674.92,Pune,11,Safe
UPI8F1F6FDD8758,2023-07-29 20:02:27,User_1609,User_6607,3710.65,Kolkata,20,Safe
UPI3BB8579FC926,2023-08-06 17:59:40,User_3845,User_1536,4451.27,Chennai,17,Safe
UPI0C9F125C010E,2023-02-01 11:21:51,User_7829,User_3405,5394.79,Hyderabad,11,Safe
UPI748153518009,2023-09-30 13:46:08,User_4226,User_9586,80.24,Kolkata,13,Safe
UPI0B52E35E69B6,2023-09-12 09:48:20,User_7720,User_3149,2469.36,Kolkata,9,Safe
UPI6001DE05C995,2023-08-13 06:59:00,User_9459,User_3646,1949.69,Delhi,6,Safe
UPID445F905725A,2023-07-04 19:18:46,User_5326,User_6961,6798.99,Mumbai,19,Safe
UPI2A915281B9A2,2023-03-15 09:10:25,User_9959,User_6815,1221.7,Pune,9,Safe
UPIDD0873A8C4C6,2023-08-15 08:01:40,User_6079,User_3339,2892.7,Hyderabad,8,Safe
UPI7CEAA98B6A1C,2023-02-09 11:59:32,User_1678,User_1178,1095.08,Hyderabad,11,Safe
UPI5451FA3A15CF,2023-10-12 07:54:34,User_7137,User_9862,314.06,Bangalore,7,Safe
UPI2FE06C9AFDDD,2023-06-09 11:48:22,User_8534,User_7469,682.23,Delhi,11,Safe
UPI1EF193C4BD58,2023-01-25 15:55:18,User_1451,User_5854,2996.98,Pune,15,Safe
UPIFB37D345D813,2023-02-03 13:14:04,User_7353,User_5719,777.34,Chennai,13,Safe
UPI347890780E89,2023-12-09 13:58:03,User_5035,User_9049,6206.17,Chennai,13,Safe
UPI04DDB6C9AAF9,2023-09-16 14:22:59,User_1634,User_2774,3452.33,Mumbai,14,Safe
UPI4ADA3EC5F5C2,2023-03-25 03:08:59,User_6742,User_4077,213174.21,Jaipur,3,High Risk (Amount Outlier)
UPI8F127B567188,2023-05-08 14:28:53,User_5549,User_1855,2210.84,Jaipur,14,Safe
UPI2DD0A3622365,2023-11-16 17:42:13,User_4455,User_6470,9549.02,Kolkata,17,Safe
UPI8CE51B119A12,2023-08-19 19:14:14,User_7393,User_8116,4091.64,Mumbai,19,Safe
UPI671466891877,2023-02-18 06:21:07,User_9886,User_1414,8196.24,Hyderabad,6,Safe
UPI43E4F7F12A40,2023-03-07 09:53:08,User_8499,User_9276,6667.51,Delhi,9,Safe
UPID98E199BC643,2023-07-01 19:19:39,User_9055,User_7755,3416.12,Mumbai,19,Safe
UPI25916B3ED1B7,2023-08-21 11:56:02,User_9238,User_7118,8483.35,Delhi,11,Safe
UPI5CA89A525BAD,2023-06-06 06:08:57,User_2383,User_2578,1936.61,Bangalore,6,Safe
UPI12B8238D2D4F,2023-04-30 17:36:08,User_8328,User_8789,2787.04,Jaipur,17,Safe
UPIFADB5B4D187D,2023-03-10 11:30:57,User_1208,User_3098,5707.06,Delhi,11,Safe
UPI72F56388811F,2023-10-14 09:01:34,User_4037,User_5286,704.21,Ahmedabad,9,Safe
UPI130EAE7E87A0,2023-04-12 01:13:14,User_1235,User_6345,161624.84,Hyderabad,1,High Risk (Amount Outlier)
UPI20086DB741E3,2023-10-26 17:38:50,User_2310,User_7267,5421.55,Ahmedabad,17,Safe
UPIB3DE714EEB99,2023-04-23 18:08:14,User_2312,User_5335,3676.53,Pune,18,Safe
UPI0C3512C8F789,2023-03-02 06:48:32,User_6931,User_6291,3540.05,Chennai,6,Safe
UPI5F314136520C,2023-04-25 16:00:17,User_6988,User_5129,9200.57,Kolkata,16,Safe
UPI9292FDAA8312,2023-03-04 20:08:29,User_3945,User_7938,7777.82,Chennai,20,Safe
UPIAD82859DA2B1,2023-12-07 06:01:25,User_7918,User_3615,147.6,Lucknow,6,Safe
UPIF177D5D3E993,2023-10-19 20:13:59,User_1348,User_2038,7439.14,Ahmedabad,20,Safe
UPI8C9D68C2A43F,2023-08-29 10:54:31,User_5372,User_1498,652.85,Hyderabad,10,Safe
UPI7FC32C011368,2023-07-05 02:30:07,User_4503,User_7863,201725.03,Mumbai,2,High Risk (Amount Outlier)
UPI78BCB320C28C,2023-03-31 13:36:51,User_9716,User_4940,7073.66,Ahmedabad,13,Safe
UPIA7A9588BBA34,2023-06-15 20:03:43,User_7855,User_6899,1075.82,Lucknow,20,Safe
UPI87F145B40F10,2023-01-02 11:23:43,User_6191,User_3644,2762.35,Bangalore,11,Safe
UPI671B642CFFA6,2023-07-22 06:10:12,User_9172,User_4629,6120.41,Delhi,6,Safe
UPIF802E1E5E461,2023-06-02 21:18:24,User_2691,User_5608,3743.26,Delhi,21,Safe
UPIAEEB1E55D631,2023-05-05 13:08:02,User_7911,User_6769,1272.93,Pune,13,Safe
UPI8DC2E0C0466C,2023-05-12 23:41:13,User_5673,User_2098,286.54,Bangalore,23,Safe
UPI39B726C0AC74,2023-05-30 07:38:44,User_5485,User_4263,3510.87,Hyderabad,7,Safe
UPIAEDD0B1C9F92,2023-05-23 06:24:58,User_9765,User_8970,7321.52,Hyderabad,6,Safe
UPI7F8F635CC973,2023-11-15 09:27:06,User_5916,User_9580,9392.55,Bangalore,9,Safe
UPI3FD2756FD42B,2023-08-18 15:15:25,User_1579,User_1398,4583.83,Jaipur,15,Safe
UPICB9440F8089B,2023-04-05 13:58:01,User_6075,User_8106,6192.11,Mumbai,13,Safe
UPI248AC72BC07D,2023-02-07 16:09:43,User_6035,User_5545,6071.48,Kolkata,16,Safe
UPI7E95E6DFA967,2023-11-21 09:33:19,User_6298,User_1398,6087.65,Lucknow,9,Safe
UPI9BF7948DFC7E,2023-11-22 14:55:17,User_8223,User_7727,9348.29,Bangalore,14,Safe
UPIF51EEC3F6F63,2023-11-09 09:45:26,User_4251,User_9955,2727.86,Jaipur,9,Safe
UPI9CF23AE2C58E,2023-12-26 09:12:15,User_1876,User_4938,7679.3,Bangalore,9,Safe
UPI8129E289025D,2023-01-14 20:39:04,User_6124,User_4982,5779.4,Delhi,20,Safe
UPI2D563D105819,2023-12-23 21:36:17,User_1258,User_5951,3047.52,Kolkata,21,Safe
UPI321914935423,2023-02-13 10:23:11,User_8526,User_4731,9140.94,Delhi,10,Safe
UPI2ACD2A2D43D5,2023-07-08 20:10:17,User_7654,User_2323,6872.24,Hyderabad,20,Safe
UPIC60B871B1630,2023-01-10 11:53:24,User_1412,User_1126,7708.67,Delhi,11,Safe
UPI46997CACC925,2023-10-30 23:53:24,User_9499,User_1894,2932.93,Hyderabad,23,Safe
UPI50BE9BE2CA4F,2023-07-03 07:19:23,User_4112,User_2064,6353.99,Kolkata,7,Safe
UPIF3F8B374241C,2023-08-03 14:22:32,User_4043,User_5935,2427.28,Mumbai,14,Safe
UPI7355760D30F0,2023-02-09 11:47:32,User_7064,User_4927,7334.27,Kolkata,11,Safe
UPI5CC513F1236F,2023-01-21 03:17:29,User_5244,User_1378,65122.49,Delhi,3,High Risk (Amount Outlier)
UPI5D0F318127AE,2023-01-12 11:11:46,User_9623,User_5480,8126.63,Delhi,11,Safe
UPI3412C358A7D3,2023-07-25 21:56:16,User_8531,User_9383,4132.87,Ahmedabad,21,Safe
UPIA73B8C283E47,2023-01-16 18:43:46,User_4405,User_7491,4991.98,Ahmedabad,18,Safe
UPI13F035249405,2023-04-15 10:06:06,User_3360,User_4091,4314.38,Jaipur,10,Safe
UPIA0D5FC50E2C3,2023-03-12 15:42:25,User_2730,User_4455,9364.2,Pune,15,Safe
UPIF148D49B542F,2023-11-26 07:07:42,User_1302,User_6705,8455.84,Ahmedabad,7,Safe
UPIC338913D551D,2023-12-07 23:15:19,User_5431,User_7264,6497.09,Lucknow,23,Safe
UPIE59F02265093,2023-03-02 23:56:25,User_5358,User_5977,5789.37,Jaipur,23,Safe
UPI8463A6C1E42D,2023-01-23 23:21:30,User_5229,User_2877,7014.26,Ahmedabad,23,Safe
UPI5F43F864BB14,2023-04-18 11:20:44,User_4529,User_5134,6123.4,Pune,11,Safe
UPIE32B8DCC3CE7,2023-03-16 15:26:32,User_4638,User_1568,4476.21,Bangalore,15,Safe
UPI41D9ADC22E66,2023-08-02 12:53:32,User_9691,User_8843,4444.4,Kolkata,12,Safe
UPI28DB3D412165,2023-03-26 13:10:15,User_1912,User_3518,1666.76,Hyderabad,13,Safe
UPI351611D7B3E1,2023-02-05 12:59:35,User_1357,User_5190,952.43,Mumbai,12,Safe
UPIEE88317F2A28,2023-07-10 20:43:04,User_7566,User_5151,864.24,Ahmedabad,20,Safe
UPIF30CADF0CBC3,2023-09-25 01:42:10,User_4709,User_6570,212181.27,Jaipur,1,High Risk (Amount Outlier)
UPI2F776849BD97,2023-09-18 18:47:03,User_6724,User_3643,432.4,Kolkata,18,Safe
UPIF243A8D4238F,2023-05-31 12:47:48,User_5238,User_8229,7874.82,Ahmedabad,12,Safe
UPI32B2310ADA0E,2023-05-11 09:23:41,User_1889,User_1851,4521.11,Jaipur,9,Safe
UPIB1054A128E3E,2023-12-13 17:07:41,User_4037,User_7888,6040.32,Bangalore,17,Safe
UPIE0653BB48364,2023-05-13 06:40:35,User_6613,User_4208,8132.77,Delhi,6,Safe
UPI6541ADB0C809,2023-04-17 19:55:38,User_9154,User_6737,8364.21,Pune,19,Safe
UPI284B41333E33,2023-04-19 06:28:46,User_7426,User_8081,5052.25,Pune,6,Safe
UPIBF2B0BDDF10A,2023-04-26 08:54:35,User_9009,User_3981,6265.56,Mumbai,8,Safe
UPIAF66DC31D0F2,2023-11-30 18:21:01,User_6344,User_9183,8064.14,Jaipur,18,Safe
UPI1A6EE2F2088D,2023-03-11 15:03:08,User_3651,User_4339,8922.63,Mumbai,15,Safe
UPICE80C52F6CA7,2023-05-04 21:20:49,User_6429,User_1780,4077.95,Lucknow,21,Safe
UPI8D67CD1C5F41,2023-06-14 06:19:59,User_9022,User_8126,4267.01,Kolkata,6,Safe
UPI7C6AD33E71AA,2023-03-15 20:22:51,User_7426,User_7864,7171.02,Delhi,20,Safe
UPI7E5C3F3546C5,2023-10-17 13:25:49,User_2586,User_7855,9949.5,Jaipur,13,Safe
UPI3BCF795DB83F,2023-02-07 01:18:58,User_3385,User_7138,277821.69,Delhi,1,High Risk (Amount Outlier)
UPIBF380A760DC6,2023-09-13 10:31:21,User_8395,User_5305,5374.29,Hyderabad,10,Safe
UPI499AFDFCA49E,2023-01-28 21:16:32,User_7417,User_8012,2938.22,Jaipur,21,Safe
UPI1514FB975495,2023-08-04 23:48:43,User_1259,User_8994,352.28,Chennai,23,Safe
UPI5301072879E7,2023-09-29 21:31:20,User_5942,User_6108,2284.74,Hyderabad,21,Safe
UPI2666B3B7864B,2023-01-10 12:18:07,User_1549,User_8978,8423.89,Chennai,12,Safe
UPI3E66B61581AC,2023-11-08 22:07:46,User_1431,User_8899,3648.97,Kolkata,22,Safe
UPI305603C8E533,2023-09-11 04:06:21,User_7857,User_5136,450859.41,Hyderabad,4,High Risk (Amount Outlier)
UPI1D5913E4A657,2023-07-09 17:08:48,User_2906,User_5493,421.25,Delhi,17,Safe
UPI9F107E56BE38,2023-03-09 08:37:53,User_3775,User_1254,9749.29,Hyderabad,8,Safe
UPI66B4B8AE1985,2023-02-08 19:06:23,User_3150,User_9786,9381.1,Hyderabad,19,Safe
UPIAFF61D951B03,2023-10-31 13:08:02,User_4356,User_1475,4024.01,Kolkata,13,Safe
UPI4D9CF27188F6,2023-02-25 22:58:19,User_7967,User_8022,1873.9,Kolkata,22,Safe
UPIEF774D0BE305,2023-10-18 12:25:06,User_2176,User_5337,3604.24,Bangalore,12,Safe
UPI8F9D1ACF3D66,2023-06-09 08:50:10,User_6039,User_1453,9197.81,Delhi,8,Safe
UPIFC498D3FE7EA,2023-05-31 08:23:16,User_7030,User_9926,5168.15,Mumbai,8,Safe
UPI8951070EBE6E,2023-05-21 11:29:19,User_5282,User_3720,8475.65,Delhi,11,Safe
UPIBE4B8FE24456,2023-08-19 06:02:56,User_3385,User_8805,9742.67,Delhi,6,Safe
UPI5EC350FB9437,2023-05-10 10:30:49,User_2757,User_6587,8744.01,Bangalore,10,Safe
UPIFE2EB1C2F79D,2023-11-19 18:57:39,User_9356,User_2922,9364.58,Jaipur,18,Safe
UPI36CC8B9D2238,2023-07-04 23:12:08,User_1110,User_6955,9958.93,Delhi,23,Safe
UPI414DD4F4581E,2023-02-25 19:11:38,User_6767,User_3807,9386.83,Mumbai,19,Safe
UPI890CAF2E045A,2023-07-31 11:13:29,User_2744,User_8462,9940.76,Delhi,11,Safe
UPIC3969E01CD85,2023-11-06 07:46:26,User_6623,User_1316,7974.02,Hyderabad,7,Safe
UPIAE0B3877FDBA,2023-03-06 20:46:40,User_8488,User_2276,7968.02,Mumbai,20,Safe
UPIB761985D4FA7,2023-04-21 14:22:56,User_5396,User_7110,6314.71,Lucknow,14,Safe
UPI5AAA52CD1211,2023-08-03 07:10:23,User_5887,User_3181,9766.01,Ahmedabad,7,Safe
UPI290B8B2E80F7,2023-09-26 13:01:44,User_9932,User_8599,7311.48,Delhi,13,Safe
UPI716812AB3ADE,2023-05-01 21:14:52,User_6978,User_7872,272.43,Bangalore,21,Safe
UPI6E5D1A3E63F2,2023-04-07 14:06:34,User_8262,User_7636,9257.55,Mumbai,14,Safe
UPI26B4A3DD40FA,2023-02-19 09:59:08,User_1590,User_9815,1570.87,Bangalore,9,Safe
UPIEC180C83E6D9,2023-04-17 11:43:54,User_5477,User_1339,3304.15,Ahmedabad,11,Safe
UPI8EDE4B004C70,2023-01-02 12:40:55,User_9956,User_5299,6155.13,Bangalore,12,Safe
UPI70234194B2D0,2023-10-15 02:10:52,User_2577,User_1809,133011.38,Bangalore,2,High Risk (Amount Outlier)
UPIB3576B35C5E1,2023-06-13 14:38:59,User_3258,User_9456,5902.78,Lucknow,14,Safe
UPI25FF7AF78EBE,2023-01-19 10:10:47,User_7508,User_9329,737.0,Jaipur,10,Safe
UPIC2C111041DEE,2023-03-11 17:55:35,User_6470,User_7786,4113.36,Mumbai,17,Safe
UPI7902CFFD5C18,2023-12-29 21:32:23,User_2496,User_6688,3915.26,Ahmedabad,21,Safe
UPI38B9688B9DE2,2023-12-29 08:49:17,User_2750,User_2519,9585.46,Ahmedabad,8,Safe
UPIF34A9C2A76D7,2023-01-31 13:34:21,User_7816,User_9196,6450.47,Ahmedabad,13,Safe
UPID82170D0DAC6,2023-07-05 20:45:02,User_4763,User_9879,8057.23,Hyderabad,20,Safe
UPI318A3117ADCE,2023-09-10 11:13:07,User_6102,User_4856,8283.31,Ahmedabad,11,Safe
UPIAC22EFB7AA9C,2023-12-03 22:36:46,User_3294,User_4105,6525.65,Bangalore,22,Safe
UPI6F7632290486,2023-09-27 12:25:21,User_4794,User_9773,1265.27,Delhi,12,Safe
UPI054702DC4381,2023-12-13 18:47:05,User_9670,User_8329,6540.3,Pune,18,Safe
UPI45F14EAF7DDB,2023-03-04 13:10:10,User_1908,User_8441,924.24,Chennai,13,Safe
UPIF70417072022,2023-08-12 08:52:21,User_5191,User_5999,7931.13,Jaipur,8,Safe
UPI3DD7DB39E0EF,2023-12-29 18:58:40,User_8006,User_2754,1491.04,Kolkata,18,Safe
UPI896EC13D623B,2023-05-06 16:00:50,User_4689,User_1870,5037.08,Delhi,16,Safe
UPIF14FD0E3C540,2023-07-22 21:39:18,User_5024,User_3183,6669.32,Ahmedabad,21,Safe
UPI8D001C413709,2023-09-09 18:21:34,User_5214,User_6394,4373.62,Ahmedabad,18,Safe
UPIDE28E724E777,2023-05-20 17:23:51,User_3347,User_4544,523.05,Delhi,17,Safe
UPIAEA818E4A3BC,2023-07-12 15:59:09,User_7036,User_4544,9498.2,Hyderabad,15,Safe
UPI037961C616D2,2023-12-17 21:54:31,User_9804,User_2498,8838.12,Bangalore,21,Safe
UPI66AEDA684378,2023-05-19 20:08:44,User_7086,User_7372,398.3,Delhi,20,Safe
UPI1231A08C535A,2023-01-11 14:42:20,User_6353,User_6894,4941.91,Pune,14,Safe
UPIBF9B3DC33AE8,2023-09-10 16:05:01,User_2259,User_8233,867.85,Mumbai,16,Safe
UPIC67AA426DDB6,2023-03-03 18:51:57,User_9582,User_1463,9751.79,Hyderabad,18,Safe
UPIB5DAB90761FF,2023-04-13 12:04:13,User_8108,User_2001,912.88,Chennai,12,Safe
UPIA3FBB9F8D409,2023-04-17 19:10:53,User_1507,User_2110,8388.02,Ahmedabad,19,Safe
UPIB74D0761F48B,2023-12-16 08:17:18,User_6022,User_5512,7045.59,Kolkata,8,Safe
UPI7F223BC95B1E,2023-10-17 16:33:00,User_9906,User_9397,1211.33,Pune,16,Safe
UPI91AB36E738ED,2023-12-19 11:49:07,User_2100,User_9070,2984.75,Pune,11,Safe
UPI5F2A7A09A7FF,2023-04-17 07:35:45,User_6191,User_8676,1109.24,Delhi,7,Safe
UPI2C4DCDDFBDCF,2023-03-09 19:39:25,User_9724,User_7671,2568.82,Ahmedabad,19,Safe
UPI1F5959F304EA,2023-04-14 04:24:20,User_4765,User_9245,274603.93,Pune,4,High Risk (Amount Outlier)
UPI70882285177D,2023-11-09 07:10:36,User_3223,User_9098,9920.21,Lucknow,7,Safe
UPIDB91E0D4C508,2023-08-18 12:41:35,User_9399,User_9320,1555.88,Mumbai,12,Safe
UPI3FFBF91F4DE9,2023-10-12 16:39:31,User_3437,User_8583,115.88,Mumbai,16,Safe
UPI1DAFEAE79FDC,2023-08-08 07:25:07,User_4253,User_8191,5032.87,Hyderabad,7,Safe
UPIB20A7BD4A05E,2023-08-31 13:34:50,User_7315,User_9049,8840.29,Bangalore,13,Safe
UPIDCB29EACD4B2,2023-01-12 22:50:19,User_4910,User_9960,6728.25,Pune,22,Safe
UPI350247B5D20D,2023-05-19 14:10:47,User_4083,User_1851,2018.61,Hyderabad,14,Safe
UPI1E00FC356C3B,2023-10-15 08:10:01,User_9094,User_7340,1947.21,Delhi,8,Safe
UPIB603FC8BA70A,2023-04-15 08:55:01,User_4294,User_3150,5664.75,Ahmedabad,8,Safe
UPI511C75CD3CA9,2023-12-24 01:53:00,User_7008,User_1544,438100.14,Bangalore,1,High Risk (Amount Outlier)
UPI0B40237B7AD1,2023-04-08 08:10:57,User_7227,User_8506,7782.33,Lucknow,8,Safe
UPIC7267AEFDF16,2023-03-31 15:01:24,User_2096,User_1901,8074.86,Lucknow,15,Safe
UPIA447BE433D12,2023-10-11 11:40:16,User_8645,User_3048,6639.62,Kolkata,11,Safe
UPI6720CE4AE5BD,2023-12-13 08:39:19,User_8989,User_8010,5482.27,Jaipur,8,Safe
UPI1674B441653C,2023-10-25 07:13:50,User_9791,User_4074,4897.96,Lucknow,7,Safe
UPIC894B6D7DC1D,2023-02-02 17:50:42,User_1447,User_9696,5232.87,Bangalore,17,Safe
UPID995F9AC4F29,2023-11-30 06:51:28,User_5852,User_7092,3148.67,Hyderabad,6,Safe
UPI5494738DF682,2023-06-01 21:48:09,User_5088,User_9242,9900.53,Chennai,21,Safe
UPI3C0DCB4FD237,2023-03-28 23:23:31,User_1674,User_2339,762.0,Mumbai,23,Safe
UPIFED66FD12256,2023-01-18 06:58:42,User_6283,User_1031,7624.08,Jaipur,6,Safe
UPI3BC6C996D49C,2023-09-28 13:47:00,User_3931,User_4648,9278.12,Bangalore,13,Safe
UPI5FF8F07E7762,2023-11-08 08:40:14,User_1992,User_2648,9988.05,Pune,8,Safe
UPI5F10E529E583,2023-11-03 23:33:31,User_3064,User_1849,3625.68,Bangalore,23,Safe
UPI6B06B89B341E,2023-01-04 06:09:45,User_5406,User_8253,4927.54,Bangalore,6,Safe
UPI46C28881D89D,2023-07-09 12:36:48,User_7395,User_8962,4637.55,Bangalore,12,Safe
UPIC2F6E7EEEBFF,2023-01-29 13:16:40,User_8478,User_6613,6233.52,Mumbai,13,Safe
UPI6CDDFDA1DAF5,2023-12-12 08:29:26,User_2828,User_7751,2911.05,Chennai,8,Safe
UPI9A6DFE116FEA,2023-06-13 15:43:17,User_1323,User_2047,4226.19,Jaipur,15,Safe
UPI4F7861A8293F,2023-07-25 08:11:44,User_5603,User_8946,1832.08,Jaipur,8,Safe
UPI8FFEE6E8941E,2023-11-02 13:59:32,User_8321,User_9620,6172.67,Jaipur,13,Safe
UPI5DAA9E090755,2023-09-14 14:25:20,User_8292,User_2314,7586.87,Hyderabad,14,Safe
UPIF0DA40992AE7,2023-10-19 21:29:04,User_4838,User_9713,1776.09,Jaipur,21,Safe
UPI78C5F4DA5BE9,2023-02-15 06:46:36,User_1054,User_2685,3418.95,Chennai,6,Safe
UPID1B1D4F59F15,2023-05-05 07:12:08,User_7477,User_1167,1517.22,Mumbai,7,Safe
UPI4A050B7BDA6D,2023-08-06 20:52:18,User_6335,User_4342,5026.6,Lucknow,20,Safe
UPI894FD5B8D6E6,2023-03-26 09:26:01,User_8760,User_5828,6415.37,Ahmedabad,9,Safe
UPIDF840452C530,2023-01-01 19:02:13,User_4749,User_2117,4152.94,Kolkata,19,Safe
UPI56691221F100,2023-01-12 20:52:45,User_2814,User_8663,6163.88,Mumbai,20,Safe
UPIE7B04E0C0ECE,2023-12-30 10:04:59,User_1664,User_1538,8918.99,Pune,10,Safe
UPI9B34A68D302F,2023-04-12 13:22:17,User_8491,User_9332,1456.17,Bangalore,13,Safe
UPICD5559729AA6,2023-08-07 13:01:17,User_8752,User_8632,5543.71,Kolkata,13,Safe
UPIB8EFA9A1B5F6,2023-01-06 12:32:03,User_5021,User_4384,6250.49,Kolkata,12,Safe
UPI71DA83C72BC1,2023-04-18 18:04:43,User_7358,User_9746,4385.3,Bangalore,18,Safe
UPIAF2782F4664E,2023-09-13 23:30:48,User_5535,User_4363,469.49,Mumbai,23,Safe
UPI984026BF0141,2023-12-05 09:34:49,User_1012,User_8253,6416.07,Ahmedabad,9,Safe
UPI48F5704CEECB,2023-12-02 07:46:48,User_6027,User_3671,7315.3,Mumbai,7,Safe
UPI341A11B89C46,2023-06-29 19:40:45,User_7136,User_6540,8077.3,Pune,19,Safe
UPIDCB5ED503AC5,2023-11-29 03:20:05,User_5858,User_1682,476307.4,Delhi,3,High Risk (Amount Outlier)
UPI187D0BF38E04,2023-03-28 18:22:53,User_7173,User_6005,6206.19,Kolkata,18,Safe
UPI25BB8D7E6D2A,2023-11-18 13:45:41,User_2472,User_4052,8289.15,Pune,13,Safe
UPI61CA35CA0361,2023-05-28 19:18:26,User_7951,User_2187,2686.59,Mumbai,19,Safe
UPI6245FEEDC658,2023-02-20 15:44:37,User_7751,User_6292,6581.07,Kolkata,15,Safe
UPI47EF7C8E4B33,2023-06-09 17:18:26,User_3826,User_2472,7489.31,Lucknow,17,Safe
UPI7B68C0EBCB95,2023-10-23 16:36:21,User_3774,User_9936,649.32,Kolkata,16,Safe
UPIA8D1A7636500,2023-05-05 11:19:23,User_8091,User_4927,4239.87,Bangalore,11,Safe
UPI101898B96F96,2023-03-17 06:21:55,User_2536,User_5191,3024.67,Hyderabad,6,Safe
UPIA1D29D066534,2023-08-06 09:23:25,User_4982,User_4983,4229.19,Mumbai,9,Safe
UPI657E2503A198,2023-06-16 09:12:52,User_9616,User_3716,3672.58,Pune,9,Safe
UPIC197C073012D,2023-08-16 20:05:55,User_1439,User_6885,6271.52,Mumbai,20,Safe
UPIEF8714D9E248,2023-05-24 14:55:43,User_7705,User_5973,1337.87,Delhi,14,Safe
UPI6DF6413DF3C7,2023-01-01 17:24:55,User_3184,User_5173,9605.78,Hyderabad,17,Safe
UPI5F494DC08A26,2023-07-08 17:05:17,User_3291,User_4143,4299.16,Delhi,17,Safe
UPI04F0CDC9895A,2023-08-04 20:57:39,User_1687,User_4078,7067.44,Mumbai,20,Safe
UPID092BE4CDE2A,2023-11-05 08:15:23,User_5526,User_1622,8708.87,Jaipur,8,Safe
UPI71E57512CA75,2023-09-18 17:06:33,User_7991,User_2024,7396.59,Lucknow,17,Safe
UPIC050FA02AA9D,2023-11-16 11:33:55,User_8639,User_5303,4440.45,Jaipur,11,Safe
UPI7461A51F0C9F,2023-02-07 11:30:47,User_5509,User_5231,6592.38,Kolkata,11,Safe
UPIA146AFEF1B4C,2023-07-17 16:24:50,User_3828,User_7567,6292.2,Bangalore,16,Safe
UPI4BBE4B6BDB12,2023-02-23 20:54:21,User_4884,User_3670,5564.34,Ahmedabad,20,Safe
UPI38DD5683E58B,2023-06-20 19:45:58,User_9853,User_2990,8969.96,Chennai,19,Safe
UPI220032E2FBB2,2023-01-16 11:37:55,User_4986,User_5246,599.37,Bangalore,11,Safe
UPIA88D3A04E6FA,2023-01-08 12:34:36,User_6108,User_3235,1164.25,Jaipur,12,Safe
UPI454F6E913895,2023-09-23 15:07:46,User_4662,User_4453,3333.84,Kolkata,15,Safe
UPICC8D44220539,2023-01-19 14:39:20,User_9153,User_9532,1309.78,Hyderabad,14,Safe
UPIB540A45357C0,2023-08-03 07:09:04,User_2557,User_5695,2615.03,Ahmedabad,7,Safe
UPIBED831EDC862,2023-08-30 04:28:45,User_8493,User_3103,450821.49,Ahmedabad,4,High Risk (Amount Outlier)
UPIF882FA2B5D0A,2023-07-13 13:42:45,User_7956,User_5480,410.39,Bangalore,13,Safe
UPI9D6F3F877D83,2023-02-25 12:40:31,User_1652,User_2680,8784.24,Ahmedabad,12,Safe
UPIEB2E1578886D,2023-05-25 15:57:19,User_4840,User_1107,6285.95,Bangalore,15,Safe
UPIBA387265294D,2023-04-30 04:03:44,User_8673,User_7984,340245.52,Pune,4,High Risk (Amount Outlier)
UPI6D8C87F24BB4,2023-03-30 16:05:49,User_7727,User_9414,1972.33,Pune,16,Safe
UPI789BF63713C6,2023-12-05 22:57:25,User_4228,User_2248,5549.95,Jaipur,22,Safe
UPIAEE112BE6345,2023-10-02 22:52:07,User_9804,User_3437,2346.89,Lucknow,22,Safe
UPIBA989E0DE107,2023-01-14 14:57:34,User_9225,User_6432,2284.65,Pune,14,Safe
UPI6C13EE9F5476,2023-01-21 12:38:53,User_9934,User_9917,3302.64,Mumbai,12,Safe
UPI9E4326A88BBD,2023-12-13 06:51:06,User_7249,User_4812,1637.65,Ahmedabad,6,Safe
UPI8569D0119B4B,2023-07-26 17:55:59,User_4597,User_4037,9695.17,Jaipur,17,Safe
UPI0AC6186BAF83,2023-07-01 15:22:38,User_7783,User_8016,5678.43,Ahmedabad,15,Safe
UPI80AB396A7F9F,2023-07-30 18:56:19,User_2576,User_7239,3298.15,Jaipur,18,Safe
UPI0C47ED671D67,2023-08-28 12:27:22,User_3461,User_2674,6200.91,Kolkata,12,Safe
UPIC2178EEBE50A,2023-11-06 06:02:49,User_2864,User_7191,8993.55,Bangalore,6,Safe
UPI1A5F39C4D974,2023-04-02 20:46:17,User_4490,User_4874,8870.0,Hyderabad,20,Safe
UPIDAC5D5CAFF7D,2023-05-25 13:48:50,User_1085,User_5926,2560.67,Jaipur,13,Safe
UPI6FADC44DAD0C,2023-07-09 08:41:24,User_9905,User_4768,8482.35,Mumbai,8,Safe
UPI7F38E1786D8B,2023-07-26 12:33:08,User_2764,User_5539,9744.75,Bangalore,12,Safe
UPI9E6F458983F3,2023-02-08 12:58:45,User_1117,User_4711,5549.33,Mumbai,12,Safe
UPI046E0BAB74E2,2023-01-01 09:06:14,User_6947,User_5553,5929.66,Pune,9,Safe
UPIE7C7D1DF9E82,2023-04-20 22:28:43,User_1844,User_6018,6828.81,Lucknow,22,Safe
UPI97D48C62E3AF,2023-01-07 13:43:44,User_7617,User_9188,5569.45,Kolkata,13,Safe
UPI521B456D5DEC,2023-12-08 19:19:41,User_6442,User_5117,5218.41,Jaipur,19,Safe
UPI20F7FF48122D,2023-05-01 11:04:40,User_6865,User_3200,8132.65,Delhi,11,Safe
UPI366AC26C2E30,2023-02-25 17:40:17,User_1686,User_1848,6328.82,Bangalore,17,Safe
UPIBD6947ABB847,2023-02-28 07:58:47,User_7671,User_3921,9880.5,Jaipur,7,Safe
UPI931808A8259D,2023-01-15 22:49:52,User_7766,User_8304,8489.1,Delhi,22,Safe
UPIB2DAE31CE770,2023-07-20 20:43:27,User_3919,User_4936,9027.87,Delhi,20,Safe
UPI20DE4EB80CC8,2023-10-18 13:55:54,User_7719,User_5831,2490.8,Kolkata,13,Safe
UPI54D4A2BEB873,2023-12-02 10:16:24,User_5967,User_4717,9729.99,Mumbai,10,Safe
UPI9D1C4558DAC9,2023-09-30 08:35:52,User_8859,User_3554,5711.69,Mumbai,8,Safe
UPIFF7B070AC5C7,2023-10-28 07:07:42,User_7364,User_2953,5049.79,Lucknow,7,Safe
UPI8AD3E28A187E,2023-12-16 14:31:01,User_4954,User_4051,3051.19,Delhi,14,Safe
UPI70056AAECEAC,2023-01-12 19:58:47,User_5791,User_2222,161.05,Bangalore,19,Safe
UPI75C18DF452A3,2023-03-22 18:54:24,User_1313,User_3861,9545.24,Kolkata,18,Safe
UPI8D31C0AB5DEF,2023-10-07 06:44:45,User_2009,User_7480,158.29,Chennai,6,Safe
UPIC8A350990600,2023-07-30 22:52:34,User_9030,User_4941,8050.58,Ahmedabad,22,Safe
UPI0CC35015C3F1,2023-04-13 03:25:51,User_3504,User_2568,63700.62,Pune,3,High Risk (Amount Outlier)
UPI5BBD38F2062E,2023-02-22 07:56:51,User_5956,User_4144,4172.69,Chennai,7,Safe
UPI444E8D299155,2023-09-12 21:30:42,User_6768,User_7117,7683.6,Lucknow,21,Safe
UPIC9C6135015C0,2023-11-15 23:12:04,User_5621,User_1388,4833.62,Bangalore,23,Safe
UPI38C52B7EFC7F,2023-01-22 21:16:22,User_9325,User_4854,4898.58,Jaipur,21,Safe
UPI655C06724B03,2023-04-10 20:28:00,User_4711,User_6176,2994.59,Lucknow,20,Safe
UPI54CFFE514B47,2023-09-20 17:47:34,User_2456,User_5822,5134.34,Lucknow,17,Safe
UPI86BFF2C0C3D1,2023-06-30 12:45:34,User_9225,User_4910,8631.92,Chennai,12,Safe
UPIFFCFFF09E73F,2023-07-17 22:26:37,User_1269,User_6698,9419.52,Ahmedabad,22,Safe
UPIE0BBE2CB7E20,2023-12-03 22:05:58,User_2437,User_7312,2674.34,Chennai,22,Safe
UPIDB207F277564,2023-12-02 14:06:16,User_7089,User_6480,3507.37,Mumbai,14,Safe
UPI23E0213C373E,2023-02-09 08:43:59,User_6847,User_2662,4305.87,Jaipur,8,Safe
UPI845749685C5F,2023-07-24 17:39:03,User_4685,User_3295,7340.15,Delhi,17,Safe
UPI4864B048EFAF,2023-05-02 16:57:46,User_1756,User_9795,1199.49,Hyderabad,16,Safe
UPIBE4E6181128C,2023-07-05 02:35:20,User_4271,User_8700,123291.45,Delhi,2,High Risk (Amount Outlier)
UPID907486426F0,2023-04-22 10:46:44,User_4876,User_2345,7266.13,Hyderabad,10,Safe
UPICFA73AD47103,2023-04-20 03:40:43,User_8141,User_8753,281242.7,Pune,3,High Risk (Amount Outlier)
UPI12BAE40EF370,2023-04-19 07:19:01,User_6018,User_7373,7505.36,Lucknow,7,Safe
UPI70867DFA3C1F,2023-01-01 15:39:02,User_6965,User_7840,6716.23,Ahmedabad,15,Safe
UPIDE67D103D5E6,2023-06-13 13:26:08,User_3623,User_2942,9020.45,Lucknow,13,Safe
UPI49E331C6408F,2023-12-24 10:05:55,User_1336,User_8579,8447.0,Lucknow,10,Safe
UPI3158CD197F6A,2023-05-10 17:34:10,User_5807,User_6151,3819.49,Mumbai,17,Safe
UPI9528D2C7A052,2023-01-29 23:37:54,User_1977,User_9438,2790.48,Chennai,23,Safe
UPI1EFF34B521A2,2023-11-14 11:40:04,User_5042,User_4121,3135.61,Bangalore,11,Safe
UPIBEF68334DD34,2023-03-12 01:36:35,User_3268,User_6493,255571.49,Ahmedabad,1,High Risk (Amount Outlier)
UPIB760180CDDE1,2023-10-18 11:11:39,User_5310,User_4288,8928.09,Kolkata,11,Safe
UPIC670B195E7F6,2023-05-16 06:28:14,User_6326,User_3719,3126.65,Delhi,6,Safe
UPIE9AD9C03EB03,2023-12-06 18:13:25,User_5769,User_2781,1057.4,Hyderabad,18,Safe
UPI2AEF7478F531,2023-12-03 19:21:43,User_4357,User_5007,8943.91,Chennai,19,Safe
UPI2EF626B0264D,2023-09-02 22:17:56,User_5755,User_9713,9573.16,Pune,22,Safe
UPIB8D52B02A9EA,2023-04-14 06:17:19,User_7508,User_6921,6650.39,Bangalore,6,Safe
UPID28CB0C39AA9,2023-12-09 10:15:08,User_9700,User_3352,2264.96,Lucknow,10,Safe
UPI54E006D4F606,2023-05-16 11:16:29,User_7137,User_6468,5994.52,Hyderabad,11,Safe
UPI8F00E336F0C8,2023-05-15 13:34:18,User_2845,User_3195,1474.36,Bangalore,13,Safe
UPI2E502E07FCDB,2023-05-24 10:20:11,User_2660,User_9935,2440.35,Chennai,10,Safe
UPIC3744792E302,2023-09-05 22:39:48,User_2907,User_2047,6598.97,Hyderabad,22,Safe
UPI3AD1958F9980,2023-11-18 13:04:19,User_1878,User_5581,8044.13,Delhi,13,Safe
UPI6E4A3A908E6F,2023-06-02 22:07:32,User_1281,User_4893,3472.18,Jaipur,22,Safe
UPI8BE9D319E9E9,2023-12-29 02:44:19,User_2579,User_1307,344974.18,Kolkata,2,High Risk (Amount Outlier)
UPI94184E8F9E58,2023-09-28 08:51:30,User_6204,User_1729,9211.31,Pune,8,Safe
UPI005A7CE2F122,2023-03-21 15:14:30,User_5546,User_6992,2733.09,Pune,15,Safe
UPI7F938BF0C51F,2023-02-18 06:24:04,User_2592,User_7710,8512.26,Bangalore,6,Safe
UPI904A55003BE9,2023-12-25 12:39:39,User_6804,User_7032,9301.44,Ahmedabad,12,Safe
UPI5CEF15786020,2023-12-23 16:25:33,User_7333,User_9526,7661.11,Bangalore,16,Safe
UPIC65AF065A138,2023-02-10 14:10:38,User_7720,User_8201,2021.02,Ahmedabad,14,Safe
UPI4A16E2A37C77,2023-04-03 11:55:22,User_1557,User_5098,4880.13,Lucknow,11,Safe
UPI1EE952A54909,2023-09-17 23:28:31,User_9286,User_3566,1079.1,Chennai,23,Safe
UPIF18F2F7AA592,2023-09-03 17:57:59,User_3656,User_5326,2875.6,Jaipur,17,Safe
UPI4AD9A08637C3,2023-05-26 19:20:51,User_3338,User_9124,2592.79,Ahmedabad,19,Safe
UPIDC82F9FA59FC,2023-05-16 17:45:54,User_1233,User_8301,8739.99,Chennai,17,Safe
UPI185849E94440,2023-11-14 11:39:55,User_7328,User_7102,5851.16,Lucknow,11,Safe
UPI9E1974ED65A1,2023-04-04 17:13:34,User_3458,User_4526,8222.39,Mumbai,17,Safe
UPI05077BAF487B,2023-04-06 23:34:35,User_5545,User_6577,3090.06,Bangalore,23,Safe
UPIE5D746F75EE2,2023-04-22 19:44:54,User_8934,User_8402,1562.86,Jaipur,19,Safe
UPIDBA35570E24F,2023-11-03 06:08:30,User_4472,User_6864,7088.67,Kolkata,6,Safe
UPI01628C44F287,2023-07-07 14:57:08,User_9174,User_8841,9683.59,Ahmedabad,14,Safe
UPIB59B95975DBB,2023-10-03 07:25:16,User_1844,User_4868,5809.85,Ahmedabad,7,Safe
UPI80F6738BD0D7,2023-05-07 15:28:30,User_2525,User_5128,1442.94,Delhi,15,Safe
UPIF34F17B912D4,2023-04-01 15:53:15,User_4133,User_8974,3245.69,Ahmedabad,15,Safe
UPIDAAA4FFF6C57,2023-09-16 19:05:22,User_6543,User_4447,4770.25,Ahmedabad,19,Safe
UPI13CF4ADAA321,2023-01-08 04:12:28,User_5800,User_2037,191502.48,Hyderabad,4,High Risk (Amount Outlier)
UPI08D456AD179D,2023-08-13 03:28:40,User_4696,User_6299,203193.27,Pune,3,High Risk (Amount Outlier)
UPID0E699A56EAC,2023-08-05 19:40:53,User_4462,User_6821,9083.64,Mumbai,19,Safe
UPI5A4FB676E38A,2023-12-27 08:35:44,User_9331,User_7864,1447.89,Chennai,8,Safe
UPI96B78DE9BD81,2023-12-14 11:44:28,User_5575,User_2516,9832.15,Bangalore,11,Safe
UPICAA83990DE37,2023-08-16 21:03:10,User_8186,User_7046,6646.65,Lucknow,21,Safe
UPI768B12CD5D65,2023-09-07 08:49:47,User_6159,User_9745,3466.16,Kolkata,8,Safe
UPI19F3FEA36773,2023-05-21 19:59:12,User_4280,User_8237,9391.53,Ahmedabad,19,Safe
UPIE5981F9C5C25,2023-02-26 20:18:36,User_7275,User_2008,6499.43,Mumbai,20,Safe
UPI4140109A2F72,2023-04-03 18:52:50,User_3333,User_1101,6413.86,Hyderabad,18,Safe
UPI15915B3FB15B,2023-08-01 07:17:50,User_4008,User_9888,6296.21,Bangalore,7,Safe
UPI30ADAD38D256,2023-02-28 12:23:44,User_6555,User_2602,6972.58,Chennai,12,Safe
UPI7762DD9AEA6C,2023-05-11 10:58:18,User_9485,User_5873,7968.53,Mumbai,10,Safe
UPIBFB4A3A289EE,2023-09-10 22:44:13,User_1445,User_7342,2497.57,Chennai,22,Safe
UPIE39D25E2F852,2023-01-03 17:06:17,User_5092,User_4011,8256.46,Lucknow,17,Safe
UPI58CDE4B0561F,2023-12-23 18:40:07,User_4777,User_8659,3583.15,Kolkata,18,Safe
UPIDEB11D1C80D5,2023-01-09 14:21:42,User_5827,User_5578,4356.23,Delhi,14,Safe
UPIED015CBA72B2,2023-11-30 06:20:21,User_1310,User_4609,1291.17,Mumbai,6,Safe
UPI0B47503DABE1,2023-02-23 08:16:50,User_2403,User_2020,5121.33,Pune,8,Safe
UPI1D33F9A4C7C8,2023-04-24 22:58:12,User_8339,User_5707,6896.83,Chennai,22,Safe
UPI2D9701C8827E,2023-08-26 17:25:57,User_1906,User_4794,7709.77,Jaipur,17,Safe
UPI71D09C9BA3B3,2023-02-21 13:51:51,User_9918,User_2020,3698.01,Bangalore,13,Safe
UPI4175EAA28BCB,2023-10-01 11:22:51,User_3978,User_4917,9180.29,Delhi,11,Safe
UPI5744644AFBCA,2023-02-11 09:25:08,User_7940,User_3388,7972.77,Mumbai,9,Safe
UPI6EAF56BAF779,2023-05-10 11:30:57,User_8899,User_3377,1931.67,Pune,11,Safe
UPIDCFD9720601C,2023-12-30 03:01:36,User_9470,User_4785,291675.59,Hyderabad,3,High Risk (Amount Outlier)
UPIA85A1C719A37,2023-10-12 01:19:37,User_8334,User_7153,64045.26,Jaipur,1,High Risk (Amount Outlier)
UPIB4A71EA3812A,2023-11-01 17:12:25,User_5570,User_4633,9665.99,Chennai,17,Safe
UPI317E066DDA8B,2023-03-24 03:11:22,User_3210,User_6754,315472.34,Chennai,3,High Risk (Amount Outlier)
UPI331A9AD46AA8,2023-09-07 10:14:10,User_4450,User_7542,1605.62,Mumbai,10,Safe
UPI623D279BB87F,2023-05-24 07:56:08,User_7251,User_6314,9758.47,Chennai,7,Safe
UPI6AFB167CC6A9,2023-06-24 01:57:03,User_5361,User_1306,374928.98,Lucknow,1,High Risk (Amount Outlier)
UPI87DED1F0B386,2023-08-25 04:33:08,User_5830,User_7706,308387.02,Mumbai,4,High Risk (Amount Outlier)
UPI5CD69874DE99,2023-09-06 22:50:11,User_2134,User_2940,1839.21,Bangalore,22,Safe
UPIC31B532437F0,2023-03-18 14:18:08,User_7344,User_6339,7473.2,Pune,14,Safe
UPIC5BD71DDD235,2023-07-28 19:34:08,User_4506,User_1465,767.67,Ahmedabad,19,Safe
UPICC9F2A5D9AD4,2023-03-20 06:19:41,User_8125,User_1728,5856.45,Mumbai,6,Safe
UPI0C14958A8D77,2023-03-31 17:16:26,User_1926,User_8609,455.71,Pune,17,Safe
UPI9BB7A451E928,2023-08-20 12:16:12,User_8661,User_4410,3880.38,Hyderabad,12,Safe
UPI6E0197B9004B,2023-08-10 02:33:45,User_6213,User_8424,177231.64,Mumbai,2,High Risk (Amount Outlier)
UPI4002A5009DBF,2023-10-27 21:46:31,User_8585,User_4343,2423.96,Hyderabad,21,Safe
UPIABE5A4747E9A,2023-11-11 16:14:02,User_8890,User_1380,7579.9,Mumbai,16,Safe
UPI62B5B9C5D139,2023-06-02 15:15:14,User_3536,User_8286,4088.57,Ahmedabad,15,Safe
UPI6AF4C71828EF,2023-07-08 23:16:58,User_1171,User_5925,1146.46,Kolkata,23,Safe
UPI6532840F77EA,2023-10-25 13:34:28,User_4093,User_2616,3040.83,Mumbai,13,Safe
UPID0C7819792EE,2023-06-25 21:52:40,User_5670,User_6406,6785.08,Hyderabad,21,Safe
UPIB9221B79D1CE,2023-09-20 13:42:45,User_9973,User_2599,341.22,Chennai,13,Safe
UPICFA1C8BEDFDA,2023-08-07 16:49:54,User_7263,User_9135,3282.48,Bangalore,16,Safe
UPIA6C445E53129,2023-11-04 06:42:37,User_9220,User_9894,4928.67,Chennai,6,Safe
UPI754C6C125B77,2023-12-17 21:15:34,User_4064,User_3016,7788.48,Pune,21,Safe
UPIBB9B53F03B90,2023-04-29 07:45:52,User_5473,User_8166,4178.71,Mumbai,7,Safe
UPI2857067DBD32,2023-04-24 06:26:36,User_4038,User_3167,6647.86,Hyderabad,6,Safe
UPICADBBCEAE70F,2023-12-22 18:53:37,User_5094,User_9681,2897.61,Jaipur,18,Safe
UPI60DB6894303A,2023-04-04 14:27:53,User_7035,User_9150,4537.43,Mumbai,14,Safe
UPI8A9CBDCD1A35,2023-06-26 06:37:09,User_2977,User_3736,2983.46,Hyderabad,6,Safe
UPIF0F154D0473E,2023-12-30 22:38:37,User_4087,User_2900,770.92,Mumbai,22,Safe
UPI39402AF55641,2023-11-03 08:52:11,User_3513,User_3293,839.08,Bangalore,8,Safe
UPI5B32BA8B0C67,2023-06-23 07:38:54,User_2962,User_3972,7482.54,Kolkata,7,Safe
UPI14CBF1F9A3E9,2023-06-04 08:03:20,User_5317,User_5083,2089.81,Kolkata,8,Safe
UPIEECE83A1DB81,2023-07-14 23:15:31,User_3228,User_2975,2530.63,Chennai,23,Safe
UPI96F69A8E1658,2023-03-04 13:49:01,User_7247,User_4626,4260.84,Jaipur,13,Safe
UPIAB7DD9381CF9,2023-08-15 20:55:56,User_1575,User_1276,9003.92,Ahmedabad,20,Safe
UPIC8C414D1EF71,2023-05-05 06:22:54,User_1913,User_4412,8807.02,Kolkata,6,Safe
UPI704372BB5B63,2023-04-29 10:29:09,User_3974,User_3814,2378.43,Hyderabad,10,Safe
UPIA58DFB0E3E28,2023-10-01 17:31:10,User_2524,User_1776,4234.83,Bangalore,17,Safe
UPI2DDCFC3C12B8,2023-08-22 20:33:14,User_6756,User_5065,4870.17,Hyderabad,20,Safe
UPI1EFCA2D83B05,2023-06-13 13:21:52,User_9634,User_9791,1033.29,Kolkata,13,Safe
UPI39D073F7D4A6,2023-05-27 21:09:45,User_1203,User_3421,8404.18,Hyderabad,21,Safe
UPI85E65E1BB279,2023-07-23 04:49:46,User_9080,User_2347,455405.12,Chennai,4,High Risk (Amount Outlier)
UPI61BFA66BB1EC,2023-09-21 21:15:18,User_1801,User_1620,3444.88,Ahmedabad,21,Safe
UPIEFAD942549ED,2023-01-15 07:16:38,User_6485,User_2700,302.94,Delhi,7,Safe
UPI80F0CC6B85DE,2023-01-11 14:55:51,User_6129,User_2932,7975.86,Mumbai,14,Safe
UPIED71A3C32F30,2023-05-08 08:40:15,User_7430,User_6288,2027.64,Lucknow,8,Safe
UPI46CFD25BFD0B,2023-02-02 13:25:05,User_9887,User_6319,9235.77,Kolkata,13,Safe
UPIC9EFEF874427,2023-01-10 03:11:59,User_4884,User_4287,298081.77,Ahmedabad,3,High Risk (Amount Outlier)
UPI22549FCC214F,2023-09-12 07:38:14,User_1368,User_5424,1225.59,Ahmedabad,7,Safe
UPI334E34C11B8D,2023-05-05 18:23:01,User_6380,User_5021,2175.73,Chennai,18,Safe
UPI6535087E87B4,2023-12-04 22:35:47,User_3793,User_3102,5227.75,Chennai,22,Safe
UPI4DE04F4E5E28,2023-01-23 07:51:39,User_7007,User_7087,7627.27,Ahmedabad,7,Safe
UPI4E69CE9C9BBC,2023-06-09 15:08:19,User_4341,User_7606,7672.35,Jaipur,15,Safe
UPICB337828B534,2023-07-21 06:43:03,User_1912,User_3650,1214.49,Jaipur,6,Safe
UPI06424735C4C9,2023-12-14 13:20:55,User_7754,User_4513,5144.36,Jaipur,13,Safe
UPI4BCB077C0071,2023-09-13 08:17:10,User_9499,User_3753,5671.27,Ahmedabad,8,Safe
UPI0739BC409C57,2023-03-15 20:09:00,User_6829,User_4635,744.27,Jaipur,20,Safe
UPI8C93A790F64A,2023-12-28 07:43:19,User_9159,User_2586,266.38,Chennai,7,Safe
UPI23A024826597,2023-07-28 12:39:26,User_2679,User_9060,9614.22,Bangalore,12,Safe
UPIF361F04D3A0B,2023-05-09 10:04:20,User_6739,User_4588,8047.57,Delhi,10,Safe
UPID27F0BD8AC94,2023-11-08 18:14:20,User_4304,User_3953,283.14,Pune,18,Safe
UPI46A540E4C5A5,2023-01-27 17:15:07,User_2234,User_7515,6448.36,Pune,17,Safe
UPI97A97AE033CF,2023-07-06 16:10:04,User_4373,User_2959,594.47,Delhi,16,Safe
UPI5E2F326E637A,2023-09-26 08:29:47,User_6066,User_1962,6950.17,Bangalore,8,Safe
UPI376EB2FD8246,2023-10-24 23:28:15,User_7067,User_9348,3724.32,Kolkata,23,Safe
UPI9F6D5A389FCE,2023-04-20 01:54:25,User_2385,User_2769,122116.31,Delhi,1,High Risk (Amount Outlier)
UPI6B32D1D7F259,2023-03-28 18:20:33,User_2139,User_7826,4544.33,Ahmedabad,18,Safe
UPIBFB2B9815A3E,2023-03-09 13:07:42,User_5960,User_9878,8598.64,Kolkata,13,Safe
UPI865EB6624CB2,2023-01-25 12:28:46,User_7114,User_3161,876.5,Mumbai,12,Safe
UPI37DC741EDE81,2023-10-19 23:53:10,User_6851,User_2690,1381.52,Jaipur,23,Safe
UPI155B84A6D030,2023-09-02 10:24:55,User_5249,User_7319,6301.87,Kolkata,10,Safe
UPIF4B0DDCC86A6,2023-12-29 21:14:42,User_2074,User_4060,4922.21,Ahmedabad,21,Safe
UPI88FC5DFB83AB,2023-07-18 12:27:40,User_2691,User_1027,4524.99,Ahmedabad,12,Safe
UPI122894437626,2023-07-02 19:06:54,User_7403,User_9798,5857.38,Hyderabad,19,Safe
UPI702754F456D2,2023-04-29 08:52:26,User_7898,User_6593,8847.06,Jaipur,8,Safe
UPI41EDE2C4490B,2023-05-20 11:19:07,User_3283,User_7523,190.75,Ahmedabad,11,Safe
UPI060456BDF8AC,2023-08-09 19:34:44,User_2743,User_6460,3688.64,Ahmedabad,19,Safe
UPIE0775877EE9F,2023-01-12 13:45:30,User_4942,User_2076,1486.28,Lucknow,13,Safe
UPIBD0204688105,2023-10-27 20:24:04,User_7887,User_8997,4167.41,Kolkata,20,Safe
UPIB349DC2DFA48,2023-10-23 06:59:45,User_4105,User_1382,3963.29,Lucknow,6,Safe
UPI148828371F13,2023-08-31 21:40:32,User_3939,User_7250,7004.2,Ahmedabad,21,Safe
UPIA61B95A8C39F,2023-05-03 20:20:34,User_3930,User_3101,3972.03,Jaipur,20,Safe
UPI737B17380EC1,2023-08-27 07:55:12,User_4760,User_4501,9715.01,Bangalore,7,Safe
UPI808DABD97751,2023-02-11 12:39:43,User_4478,User_9771,7047.22,Pune,12,Safe
UPIE630220CCDBB,2023-06-18 04:01:34,User_8336,User_9206,300415.65,Chennai,4,High Risk (Amount Outlier)
UPIB280F3DBBEE7,2023-02-02 14:00:35,User_5139,User_6595,4715.85,Delhi,14,Safe
UPI4D3FF905A3BA,2023-05-17 10:44:11,User_9016,User_5567,8296.22,Delhi,10,Safe
UPI9A7F50C36AF6,2023-01-15 09:22:49,User_6841,User_6821,7048.11,Bangalore,9,Safe
UPIA001F60D36D3,2023-02-20 16:30:54,User_7532,User_3179,4305.56,Ahmedabad,16,Safe
UPIB116011A5992,2023-11-22 13:12:20,User_3023,User_8571,6871.4,Kolkata,13,Safe
UPIE6E843E0E8DA,2023-06-12 06:01:28,User_9846,User_6582,3039.49,Pune,6,Safe
UPI9ADE64D93459,2023-06-08 20:40:00,User_7692,User_4671,1007.9,Chennai,20,Safe
UPIA7FC7B3332A9,2023-02-04 10:55:11,User_7392,User_2128,7566.46,Hyderabad,10,Safe
UPI4421D3F00BAA,2023-03-20 12:36:39,User_5984,User_9080,8129.46,Hyderabad,12,Safe
UPI6F33138FB721,2023-01-10 13:23:11,User_1521,User_1769,3868.31,Ahmedabad,13,Safe
UPI03F51910B904,2023-08-06 15:31:40,User_2605,User_5509,2557.63,Kolkata,15,Safe
UPI79507B91272A,2023-04-06 06:19:51,User_8796,User_2256,974.82,Hyderabad,6,Safe
UPI304081326468,2023-04-08 14:46:34,User_2358,User_9933,4605.94,Chennai,14,Safe
UPI46CD722BE197,2023-07-12 07:58:10,User_5286,User_6469,5290.9,Kolkata,7,Safe
UPIEE40FA7D8D99,2023-08-17 19:23:54,User_3058,User_8783,3457.75,Hyderabad,19,Safe
UPICF4FCBE1CB89,2023-04-03 07:17:23,User_2790,User_6057,7115.35,Lucknow,7,Safe
UPI0D82F5901F78,2023-02-13 23:00:10,User_4405,User_7414,2360.88,Hyderabad,23,Safe
UPID012A7CAC7F3,2023-09-03 13:40:30,User_2690,User_2072,5614.99,Hyderabad,13,Safe
UPIA1343C245925,2023-09-04 21:46:59,User_6546,User_9426,371.6,Lucknow,21,Safe
UPI74FC55A5433F,2023-04-25 15:24:49,User_1440,User_1660,4806.36,Pune,15,Safe
UPIE9B7C8045AFD,2023-05-02 21:26:36,User_2805,User_5873,725.79,Chennai,21,Safe
UPI88D5E349101E,2023-04-02 23:35:53,User_3418,User_5848,3783.12,Jaipur,23,Safe
UPI14E2684BED69,2023-09-20 20:07:46,User_6674,User_1267,8283.66,Bangalore,20,Safe
UPI5747F1E4A98F,2023-03-10 16:40:44,User_3580,User_2050,6920.68,Kolkata,16,Safe
UPI3946C9CD2126,2023-07-25 17:00:10,User_2478,User_7951,1981.66,Pune,17,Safe
UPI036BA038B3D0,2023-07-02 06:51:06,User_6099,User_2024,8143.69,Kolkata,6,Safe
UPI3761822CC97F,2023-10-05 12:52:39,User_9132,User_1344,6094.75,Pune,12,Safe
UPI99E808255FD0,2023-08-14 22:36:26,User_8883,User_4172,7360.19,Delhi,22,Safe
UPI9F7BE749F24F,2023-05-11 14:21:22,User_5808,User_7562,1148.75,Jaipur,14,Safe
UPI0504210EB7F5,2023-07-27 16:18:54,User_9556,User_3238,5278.64,Mumbai,16,Safe
UPI3D835EFC9365,2023-10-21 13:11:23,User_9969,User_6067,8150.03,Bangalore,13,Safe
UPI6B488FA1C155,2023-05-02 17:33:02,User_7071,User_1029,2299.45,Jaipur,17,Safe
UPI887617E72635,2023-04-13 14:55:01,User_5208,User_5109,6109.7,Delhi,14,Safe
UPI0E6450799069,2023-10-21 10:06:57,User_8240,User_4241,7577.82,Mumbai,10,Safe
UPI40BED21D828A,2023-09-10 16:27:46,User_4139,User_7970,2179.71,Bangalore,16,Safe
UPIC0B479BAE573,2023-02-08 13:26:22,User_9947,User_8499,9978.7,Chennai,13,Safe
UPIF01FB9DCE895,2023-05-17 11:35:12,User_7356,User_9925,7897.83,Bangalore,11,Safe
UPI67BB6375E1A0,2023-03-11 06:24:41,User_4677,User_3335,4057.05,Hyderabad,6,Safe
UPIA0D0E0458AC2,2023-03-07 22:33:04,User_2160,User_8426,8904.8,Ahmedabad,22,Safe
UPIA187BC502B35,2023-10-28 13:12:26,User_2260,User_9637,5644.47,Mumbai,13,Safe
UPIFB98E15B5475,2023-08-02 10:57:40,User_4258,User_3866,3438.13,Hyderabad,10,Safe
UPI5F69F8BE7621,2023-12-14 09:43:09,User_1088,User_8471,8474.52,Mumbai,9,Safe
UPI64095FA84E85,2023-02-01 06:01:14,User_4946,User_4181,967.47,Lucknow,6,Safe
UPI7497F6E818C7,2023-06-28 06:26:12,User_2422,User_4762,1914.32,Jaipur,6,Safe
UPIC4157B66F6E7,2023-07-21 23:14:20,User_1709,User_3271,2395.74,Lucknow,23,Safe
UPI10FE7EAF2383,2023-11-12 19:02:44,User_7237,User_7064,4696.99,Kolkata,19,Safe
UPI6C074FD20CDB,2023-09-23 19:28:35,User_1523,User_4734,1056.72,Bangalore,19,Safe
UPI38C1CCA98B18,2023-04-25 07:00:10,User_2931,User_5666,349.11,Chennai,7,Safe
UPIECE51BD7383A,2023-06-11 06:51:41,User_7072,User_6221,8391.56,Delhi,6,Safe
UPI1482BD378F9D,2023-10-28 07:54:58,User_6185,User_7444,8055.92,Pune,7,Safe
UPI56475292BE5D,2023-06-09 18:24:40,User_3183,User_7710,9542.99,Kolkata,18,Safe
UPI86F7DE5CE457,2023-03-09 21:09:07,User_6215,User_1725,4471.54,Kolkata,21,Safe
UPID6F77E1A19F7,2023-06-25 15:24:53,User_6115,User_1331,5133.45,Jaipur,15,Safe
UPI7519EC9A56ED,2023-04-08 22:37:25,User_8697,User_3559,1109.23,Pune,22,Safe
UPID936179D046A,2023-11-22 09:47:43,User_6318,User_5977,8940.42,Delhi,9,Safe
UPI4A9DC49D90A7,2023-10-06 21:51:28,User_1933,User_5159,683.51,Bangalore,21,Safe
UPI092728E79C10,2023-04-21 13:56:47,User_4134,User_4902,2052.08,Kolkata,13,Safe
UPI40437CA490C6,2023-11-09 06:21:43,User_8695,User_4873,9211.58,Jaipur,6,Safe
UPI1683AC33D6C7,2023-11-11 10:49:54,User_5822,User_7762,3134.99,Delhi,10,Safe
UPI347D744A54B5,2023-01-15 07:36:20,User_1272,User_3954,8191.45,Ahmedabad,7,Safe
UPI08ACD2F8DE10,2023-09-02 15:42:43,User_9176,User_1636,7807.37,Kolkata,15,Safe
UPI0F6F4BE7F86C,2023-04-02 16:11:32,User_5778,User_7641,5918.88,Bangalore,16,Safe
UPI7058CE253944,2023-06-01 20:46:00,User_6011,User_4683,2289.02,Jaipur,20,Safe
UPI6D3AF1B7557A,2023-07-14 20:55:40,User_2104,User_9927,6839.7,Hyderabad,20,Safe
UPI1592EBBBB7CF,2023-03-24 20:06:54,User_4217,User_6370,2679.11,Ahmedabad,20,Safe
UPID137BDD0635A,2023-04-04 03:42:42,User_5007,User_6546,456694.9,Jaipur,3,High Risk (Amount Outlier)
UPI29059CFB2089,2023-08-16 11:04:02,User_2928,User_6357,8433.36,Chennai,11,Safe
UPIB3FA968AE011,2023-04-23 10:04:09,User_7526,User_5110,5416.02,Kolkata,10,Safe
UPI022B61CDC1D6,2023-11-10 08:47:02,User_5725,User_1668,414.27,Chennai,8,Safe
UPID9A509202B7E,2023-12-20 08:20:59,User_5721,User_1814,8372.05,Delhi,8,Safe
UPIB19E62BBD45E,2023-01-04 10:56:22,User_2729,User_5504,8678.53,Delhi,10,Safe
UPI9EED2117A1C6,2023-08-05 10:04:08,User_3362,User_2062,8113.81,Mumbai,10,Safe
UPI070789ACC9AF,2023-06-24 16:17:04,User_7711,User_8199,6376.18,Pune,16,Safe
UPIEF5BC89DB416,2023-08-24 12:00:44,User_5998,User_5488,919.04,Pune,12,Safe
UPI4A05A3DE5528,2023-12-17 23:25:01,User_3717,User_7159,2267.07,Hyderabad,23,Safe
UPIDD95B3957D42,2023-01-24 23:44:35,User_1733,User_8355,2903.03,Kolkata,23,Safe
UPI857438E7F437,2023-11-22 12:28:35,User_5009,User_7928,7333.03,Chennai,12,Safe
UPI902B237FC8E5,2023-03-14 06:11:36,User_2805,User_2003,8201.77,Ahmedabad,6,Safe
UPI021FC09828F0,2023-07-06 18:51:08,User_4786,User_7368,6625.71,Ahmedabad,18,Safe
UPIC44BA14C65F0,2023-09-30 14:20:26,User_7599,User_3595,3408.65,Pune,14,Safe
UPI1BA52D71C58A,2023-07-25 15:28:26,User_6608,User_4304,7390.5,Mumbai,15,Safe
UPI943573E4480D,2023-11-20 10:00:19,User_5950,User_3395,8833.41,Hyderabad,10,Safe
UPI80EBBE653613,2023-03-10 18:51:47,User_7242,User_9734,9724.18,Kolkata,18,Safe
UPIB35C00D7CDE3,2023-10-01 14:46:49,User_3211,User_9833,6027.99,Pune,14,Safe
UPI994A8BA700D2,2023-04-17 18:14:19,User_8623,User_7035,5398.62,Delhi,18,Safe
UPIB9383D7308CA,2023-10-27 19:53:39,User_9551,User_1528,7976.44,Chennai,19,Safe
UPI7327BE7A7896,2023-09-17 18:36:42,User_4181,User_5804,2495.6,Ahmedabad,18,Safe
UPI8BA11E59A1AF,2023-08-19 04:37:06,User_8500,User_2850,94327.75,Jaipur,4,High Risk (Amount Outlier)
UPIDA9B6A158D27,2023-11-18 18:33:05,User_9640,User_1460,3797.62,Jaipur,18,Safe
UPI11702F5D6D11,2023-01-14 21:28:14,User_1378,User_3034,8748.41,Chennai,21,Safe
UPI11EEA4F99984,2023-01-22 19:47:32,User_6010,User_7405,6940.55,Mumbai,19,Safe
UPI55808A8426A7,2023-02-06 10:28:38,User_1373,User_7619,9471.97,Jaipur,10,Safe
UPI2911AB18E792,2023-08-08 14:19:28,User_1071,User_6800,8503.9,Ahmedabad,14,Safe
UPI2F071629811A,2023-07-06 08:48:41,User_5594,User_9723,9241.98,Lucknow,8,Safe
UPI263CFC6C25FD,2023-10-19 23:24:05,User_1871,User_3099,2092.99,Mumbai,23,Safe
UPI6D7257AAF509,2023-11-13 17:56:01,User_1226,User_2324,5956.4,Lucknow,17,Safe
UPI767B3DD3B842,2023-10-14 14:45:57,User_8803,User_6629,7076.16,Mumbai,14,Safe
UPI86FDDB30B6D4,2023-09-18 08:22:30,User_5288,User_7029,2924.8,Kolkata,8,Safe
UPI49D3D9CFA58C,2023-10-01 20:14:52,User_4418,User_7193,1165.81,Bangalore,20,Safe
UPIDEC3E5BA0BDE,2023-05-13 20:38:21,User_9573,User_2599,4846.78,Chennai,20,Safe
UPI1D0D980BEE3E,2023-07-17 07:09:27,User_7519,User_1302,9842.82,Chennai,7,Safe
UPI96AAAC6C3976,2023-11-30 10:26:24,User_3410,User_8942,4924.5,Lucknow,10,Safe
UPIDAFF0F16396E,2023-06-14 23:03:13,User_3661,User_8924,7369.05,Bangalore,23,Safe
UPIED0292597D87,2023-06-30 15:32:32,User_1146,User_7479,8600.44,Mumbai,15,Safe
UPIA16780677B26,2023-07-29 03:14:32,User_2280,User_5109,302658.24,Hyderabad,3,High Risk (Amount Outlier)
UPI05457D945837,2023-05-08 22:31:22,User_2390,User_7391,2628.02,Bangalore,22,Safe
UPIA988013AE922,2023-02-06 09:27:42,User_9696,User_6645,4034.72,Pune,9,Safe
UPIC2F5C90E4F04,2023-02-20 10:10:48,User_1456,User_4927,4820.88,Pune,10,Safe
UPI67E3C0BCF6A3,2023-01-21 20:29:16,User_5590,User_5642,4968.1,Delhi,20,Safe
UPI90BB77080E6E,2023-06-08 08:35:26,User_9035,User_9269,177.02,Ahmedabad,8,Safe
UPIEA025646E561,2023-04-04 06:36:42,User_2570,User_1265,96.58,Lucknow,6,Safe
UPI47E0581ABDD3,2023-10-24 04:10:52,User_4540,User_9526,321839.46,Lucknow,4,High Risk (Amount Outlier)
UPI8870FF2A15A4,2023-09-29 10:28:38,User_8749,User_5993,9787.82,Jaipur,10,Safe
UPIB755EB461C8D,2023-11-25 19:40:11,User_3227,User_9588,7936.4,Ahmedabad,19,Safe
UPIBBB0DC85BA20,2023-09-10 16:53:19,User_5428,User_4966,1538.12,Mumbai,16,Safe
UPI96496DED49B5,2023-12-19 23:36:32,User_1692,User_7021,2954.55,Lucknow,23,Safe
UPI76DBA1AF3794,2023-02-27 16:19:31,User_9787,User_9281,4188.61,Delhi,16,Safe
UPID0C0DC4E1F9D,2023-12-16 21:46:22,User_9643,User_5377,1539.48,Bangalore,21,Safe
UPID102FB2EDC99,2023-05-12 21:19:42,User_6633,User_2945,4721.8,Mumbai,21,Safe
UPI8B4B09CE2ADC,2023-09-17 01:13:24,User_6867,User_5171,365105.49,Kolkata,1,High Risk (Amount Outlier)
UPI7A1930CB13E0,2023-04-10 04:38:15,User_9028,User_1193,286103.03,Pune,4,High Risk (Amount Outlier)
UPIC9F2FE591DE1,2023-06-18 06:01:09,User_2033,User_3355,2419.85,Lucknow,6,Safe
UPIB806B7B5B968,2023-11-19 14:14:41,User_6190,User_1566,4676.39,Mumbai,14,Safe
UPICB98212C4A7C,2023-03-17 06:14:14,User_2172,User_4208,3253.33,Hyderabad,6,Safe
UPIC266E0143023,2023-02-12 15:30:44,User_2397,User_1098,8420.9,Jaipur,15,Safe
UPI8FD401AA8E04,2023-11-23 17:20:23,User_7648,User_7956,8332.98,Mumbai,17,Safe
UPI88DF582A09A6,2023-10-10 17:30:08,User_5477,User_8206,7567.56,Hyderabad,17,Safe
UPI399ABF6CB26A,2023-06-29 13:34:20,User_3234,User_1825,9843.39,Mumbai,13,Safe
UPI4957E36F3074,2023-02-26 21:13:51,User_8913,User_5356,382.71,Kolkata,21,Safe
UPI2E651B284238,2023-05-20 17:49:40,User_7764,User_6172,4821.44,Jaipur,17,Safe
UPIC4FB6798C0B7,2023-10-13 18:13:59,User_8015,User_7991,5047.7,Mumbai,18,Safe
UPIFED83E3854A3,2023-04-14 18:59:09,User_7217,User_5023,6861.93,Kolkata,18,Safe
UPICC922F984A53,2023-05-03 17:37:08,User_2363,User_6332,4758.04,Mumbai,17,Safe
UPI5C6AC025B8F8,2023-02-07 12:00:09,User_8018,User_8985,5270.1,Mumbai,12,Safe
UPIEDBA1CC38EF5,2023-05-30 22:17:38,User_4915,User_1828,309.03,Jaipur,22,Safe
UPI2C4C2E197CF9,2023-03-29 14:43:46,User_1525,User_9377,5182.73,Bangalore,14,Safe
UPIF7390679526F,2023-03-08 20:51:24,User_4233,User_7226,4124.66,Mumbai,20,Safe
UPI1BE093AB4F55,2023-09-25 19:57:35,User_8800,User_8008,8221.1,Chennai,19,Safe
UPI3E902BB57AFD,2023-01-31 23:35:26,User_1648,User_5514,6785.08,Delhi,23,Safe
UPI1DA3A65F2FB6,2023-10-19 08:33:40,User_9168,User_9213,1542.49,Ahmedabad,8,Safe
UPI7B1EED5D9049,2023-11-13 08:19:05,User_2184,User_6606,7482.09,Kolkata,8,Safe
UPI317B64688D6F,2023-09-17 21:01:01,User_1840,User_8734,2368.72,Hyderabad,21,Safe
UPI58F012EED285,2023-04-09 07:37:17,User_2711,User_3596,5228.43,Delhi,7,Safe
UPIF704A59674E3,2023-09-11 22:49:50,User_2083,User_3584,8896.96,Kolkata,22,Safe
UPIF9EA64BF136E,2023-01-22 18:37:51,User_6810,User_2717,1368.35,Kolkata,18,Safe
UPI92C35CEEEAE5,2023-07-25 13:09:33,User_9152,User_5260,4382.31,Hyderabad,13,Safe
UPI3A278923D172,2023-04-24 03:50:28,User_7340,User_7820,180497.94,Ahmedabad,3,High Risk (Amount Outlier)
UPIFE6683C86413,2023-08-30 20:21:26,User_7047,User_3754,5788.13,Pune,20,Safe
UPI58D6EA711A63,2023-07-15 10:42:25,User_6518,User_6227,1007.21,Bangalore,10,Safe
UPICD86B63FA9AF,2023-07-04 15:57:10,User_2615,User_2074,626.77,Kolkata,15,Safe
UPIA00F0C4E71F3,2023-03-08 12:11:49,User_3296,User_1633,2080.15,Jaipur,12,Safe
UPI800C7ADAF4A8,2023-11-29 02:54:35,User_8577,User_7127,400869.71,Kolkata,2,High Risk (Amount Outlier)
UPI1C57F5312233,2023-05-05 06:29:23,User_1073,User_3553,1023.62,Jaipur,6,Safe
UPI61AD46C379F1,2023-10-30 21:17:49,User_8757,User_9096,364.81,Hyderabad,21,Safe
UPI573CDBCF31B1,2023-05-13 09:35:03,User_8071,User_4399,2688.99,Hyderabad,9,Safe
UPI7726B93F3EE2,2023-01-24 17:53:37,User_6378,User_6093,4583.93,Bangalore,17,Safe
UPI2E92057535C3,2023-03-24 16:31:32,User_5083,User_2062,5051.81,Lucknow,16,Safe
UPIC8EE1F0DC21D,2023-02-28 11:27:35,User_5285,User_5089,647.22,Chennai,11,Safe
UPI24587192F5CC,2023-01-09 14:20:54,User_1444,User_1055,336.61,Hyderabad,14,Safe
UPI44E6BA26DA37,2023-04-17 19:36:27,User_1362,User_1754,2068.29,Bangalore,19,Safe
UPI2AC4822210A8,2023-05-31 16:08:24,User_4817,User_3262,8474.0,Chennai,16,Safe
UPIE5B7454EF4AF,2023-03-08 19:05:58,User_1257,User_6294,1275.82,Delhi,19,Safe
UPI4283C838F2DD,2023-02-14 11:12:02,User_8877,User_1904,7235.21,Hyderabad,11,Safe
UPI11213A86DBC1,2023-05-22 10:07:57,User_3769,User_2864,746.24,Ahmedabad,10,Safe
UPI35658D91EA65,2023-01-03 18:11:17,User_6873,User_3217,7001.94,Ahmedabad,18,Safe
UPIEB783A15AF85,2023-05-24 14:18:36,User_4457,User_9118,5312.86,Mumbai,14,Safe
UPIE9CD4078DBCB,2023-02-06 18:44:10,User_8176,User_2518,6104.72,Lucknow,18,Safe
UPI2BF78BB6D9B6,2023-06-26 17:17:28,User_1491,User_6302,7119.64,Jaipur,17,Safe
UPID555B93D74CC,2023-10-09 10:01:19,User_3049,User_4267,1721.84,Mumbai,10,Safe
UPI0A5FC8A5E467,2023-04-15 08:39:44,User_1417,User_6647,2076.2,Delhi,8,Safe
UPID55CF12EC8F4,2023-08-19 06:50:24,User_2946,User_4368,1260.92,Mumbai,6,Safe
UPIFF72B1F905B9,2023-05-25 21:58:42,User_9396,User_7797,9533.25,Mumbai,21,Safe
UPIE9E1C13944DA,2023-10-26 04:38:14,User_1753,User_7824,382419.73,Kolkata,4,High Risk (Amount Outlier)
UPIEF0BB54FDF30,2023-05-21 16:45:40,User_3310,User_2023,2185.47,Jaipur,16,Safe
UPI966646C39B63,2023-08-23 12:20:03,User_9432,User_7275,7670.69,Pune,12,Safe
UPIBCE75745F79C,2023-10-08 07:29:11,User_9413,User_5957,4569.54,Lucknow,7,Safe
UPIBC357C4659D6,2023-12-18 19:23:32,User_7897,User_7091,3336.56,Lucknow,19,Safe
UPIF021ABAB3EFF,2023-07-30 19:22:31,User_2089,User_3477,1489.62,Pune,19,Safe
UPIB8BB006BC8F7,2023-10-10 09:02:28,User_9775,User_2288,8001.45,Kolkata,9,Safe
UPIDE207C9F179D,2023-02-24 13:38:53,User_8669,User_2503,2843.67,Pune,13,Safe
UPI4A16CC8B3A81,2023-06-12 04:12:45,User_7280,User_5281,353708.97,Chennai,4,High Risk (Amount Outlier)
UPIE9738065AE0E,2023-02-23 07:27:18,User_4861,User_3985,7847.9,Bangalore,7,Safe
UPIE63A7A1D2A45,2023-12-28 08:49:13,User_9102,User_8867,878.37,Mumbai,8,Safe
UPI822C020ED685,2023-03-15 06:50:21,User_1625,User_8660,7338.28,Chennai,6,Safe
UPIF1684C36E71F,2023-09-06 21:08:20,User_4604,User_9186,4112.51,Ahmedabad,21,Safe
UPIC43DBA236265,2023-11-10 21:33:49,User_4657,User_5598,29.52,Pune,21,Safe
UPI20AECE8E67FB,2023-01-20 13:53:22,User_3966,User_8687,9007.52,Hyderabad,13,Safe
UPIB3757AB91B09,2023-12-12 17:53:00,User_6665,User_6170,3271.49,Pune,17,Safe
UPI945D172F0622,2023-06-29 06:30:37,User_8235,User_5086,2039.32,Lucknow,6,Safe
UPIA849C8DDBEFD,2023-07-04 14:40:46,User_6230,User_6639,9934.91,Lucknow,14,Safe
UPID7B271B70D41,2023-03-13 10:17:57,User_4288,User_4106,4521.27,Lucknow,10,Safe
UPI9C445AB65DE8,2023-01-09 13:23:46,User_3818,User_8666,3520.48,Chennai,13,Safe
UPI7C0109C54211,2023-01-27 18:50:55,User_1146,User_8691,3236.25,Lucknow,18,Safe
UPIE1D2EBC2054D,2023-09-14 09:10:03,User_3426,User_7934,4010.8,Pune,9,Safe
UPI701F45F35168,2023-02-27 23:19:34,User_6180,User_1021,6559.87,Ahmedabad,23,Safe
UPIF4EE414B63E2,2023-04-09 08:43:52,User_9841,User_3840,3557.19,Hyderabad,8,Safe
UPIB0D3D26544EA,2023-11-05 11:18:44,User_6703,User_4901,3304.4,Hyderabad,11,Safe
UPI26090E34CBD7,2023-07-23 23:20:41,User_5189,User_5194,8339.08,Delhi,23,Safe
UPIB65F4E55AE2F,2023-03-28 06:44:48,User_9508,User_1065,8171.77,Kolkata,6,Safe
UPI28156703E4D9,2023-07-27 13:27:22,User_4738,User_7874,2285.39,Bangalore,13,Safe
UPI39F756485D67,2023-04-13 14:41:47,User_9662,User_6026,2615.68,Jaipur,14,Safe
UPI1672AA41786D,2023-06-08 16:47:30,User_6433,User_4385,6791.8,Kolkata,16,Safe
UPI6B7D19CF9B6C,2023-03-24 19:19:35,User_9046,User_4831,6459.06,Hyderabad,19,Safe
UPI8D85C52123DC,2023-12-16 06:37:06,User_8488,User_8169,8418.77,Ahmedabad,6,Safe
UPIF3E5E3225C2B,2023-10-17 17:23:21,User_2030,User_5575,5989.04,Pune,17,Safe
UPID0AA53EE0406,2023-04-12 19:28:51,User_2546,User_3026,8171.43,Chennai,19,Safe
UPIA609BA051EB0,2023-10-07 23:53:01,User_5075,User_6928,6422.8,Bangalore,23,Safe
UPIC0FFDE1863C2,2023-08-05 07:32:07,User_8839,User_6843,7239.61,Jaipur,7,Safe
UPIC6AB78D8EEB1,2023-01-21 08:17:59,User_2742,User_3834,8416.45,Jaipur,8,Safe
UPIECCD28528896,2023-09-02 15:44:13,User_6838,User_4920,6857.4,Chennai,15,Safe
UPIDC983BB38E13,2023-07-15 22:48:20,User_4537,User_3082,8256.33,Lucknow,22,Safe
UPI6911F74DB164,2023-01-01 13:12:55,User_5218,User_8615,2108.11,Hyderabad,13,Safe
UPI10D1C05CD963,2023-12-20 21:26:54,User_3974,User_6879,1564.96,Chennai,21,Safe
UPIB9CAA79EB089,2023-06-30 17:37:53,User_4773,User_1478,6082.08,Bangalore,17,Safe
UPI1FDA7612D402,2023-09-12 16:02:36,User_1721,User_2447,5718.33,Mumbai,16,Safe
UPI8E22249CD71B,2023-09-21 22:17:32,User_6011,User_6464,8855.81,Ahmedabad,22,Safe
UPI63B4E5E5A657,2023-04-30 13:49:07,User_4772,User_2553,6923.48,Mumbai,13,Safe
UPI6A32FB693BB0,2023-12-27 13:07:51,User_2625,User_6774,5850.51,Chennai,13,Safe
UPIE668A914D495,2023-03-08 08:06:03,User_3225,User_3906,7062.14,Bangalore,8,Safe
UPI681275E279B4,2023-06-27 16:44:16,User_7122,User_7488,6845.4,Kolkata,16,Safe
UPI54C06FBF2C64,2023-07-07 11:38:33,User_7603,User_9240,8827.97,Jaipur,11,Safe
UPI73CDAB46D934,2023-10-08 11:17:03,User_2823,User_1352,6381.3,Jaipur,11,Safe
UPI442291288F71,2023-07-12 20:36:34,User_6906,User_5704,5463.42,Pune,20,Safe
UPI2F226797836A,2023-03-03 18:18:39,User_2443,User_1639,4042.86,Lucknow,18,Safe
UPI64CFAB6489C7,2023-01-11 14:38:53,User_1782,User_8184,8950.88,Hyderabad,14,Safe
UPI6F750C0E0B65,2023-10-04 12:32:06,User_4801,User_3295,1711.55,Jaipur,12,Safe
UPI75F011B55F06,2023-06-18 10:56:56,User_1954,User_7989,9009.78,Bangalore,10,Safe
UPIC65A88C3B890,2023-09-11 14:13:39,User_9699,User_1806,8958.47,Mumbai,14,Safe
UPI5BEB32A4ACFF,2023-02-15 23:06:08,User_8221,User_1133,4876.85,Chennai,23,Safe
UPIC1D7BBDE52C5,2023-12-07 07:05:27,User_4989,User_8904,5269.99,Lucknow,7,Safe
UPI9CE0745C442A,2023-04-13 14:46:20,User_5350,User_8297,3880.89,Lucknow,14,Safe
UPI93AACB0E4F76,2023-09-22 12:27:12,User_3683,User_3714,8195.27,Hyderabad,12,Safe
UPIB6B772995D59,2023-09-28 20:25:56,User_7310,User_9290,5348.01,Pune,20,Safe
UPI2514AE2D9F2C,2023-11-04 03:54:40,User_7138,User_9992,438962.2,Hyderabad,3,High Risk (Amount Outlier)
UPI09BBCE8F90BB,2023-08-22 13:06:00,User_3825,User_5300,9457.04,Pune,13,Safe
UPI54B5C660D1F7,2023-10-29 03:30:39,User_7801,User_8457,123300.11,Delhi,3,High Risk (Amount Outlier)
UPID863394CDF9C,2023-04-20 12:34:24,User_9683,User_6182,9535.69,Jaipur,12,Safe
UPI9157D9661DF7,2023-11-19 16:56:10,User_4229,User_1558,4983.33,Chennai,16,Safe
UPIAE8D3F15979C,2023-08-25 19:24:55,User_4620,User_6918,6589.12,Mumbai,19,Safe
UPI1CBA4E5418DA,2023-05-20 11:39:44,User_4897,User_4491,2888.33,Hyderabad,11,Safe
UPIFC29278FA185,2023-04-11 09:19:37,User_4863,User_3897,7494.06,Chennai,9,Safe
UPI11CC243B873E,2023-10-18 14:22:08,User_5498,User_4969,4705.91,Ahmedabad,14,Safe
UPI492C4DFB97BC,2023-02-16 11:33:25,User_8649,User_5960,5495.43,Jaipur,11,Safe
UPI2E596345A172,2023-02-04 10:06:20,User_1502,User_5303,3049.19,Kolkata,10,Safe
UPIFFEF2DCEE9D5,2023-08-07 18:46:10,User_6761,User_1413,5248.78,Pune,18,Safe
UPI67A957C46197,2023-01-07 07:11:34,User_5496,User_6423,6464.5,Delhi,7,Safe
UPIDAF2646F7841,2023-02-26 14:05:17,User_6853,User_4885,5698.41,Delhi,14,Safe
UPI7348ADF354B6,2023-03-14 15:31:47,User_7768,User_7510,6776.92,Kolkata,15,Safe
UPIDA8EC409C630,2023-11-29 14:06:57,User_4093,User_3246,8216.51,Delhi,14,Safe
UPI72C4CE998618,2023-07-09 22:41:24,User_4546,User_7567,287.67,Lucknow,22,Safe
UPI58616362323A,2023-11-08 09:11:47,User_6672,User_1008,756.25,Bangalore,9,Safe
UPI00A26343BED4,2023-09-12 21:57:05,User_8580,User_8289,6730.14,Lucknow,21,Safe
UPIFF2B4E29688E,2023-10-20 04:19:22,User_3312,User_9152,290492.61,Mumbai,4,High Risk (Amount Outlier)
UPI84F3562DD2D4,2023-08-30 10:30:33,User_3096,User_3927,8015.44,Pune,10,Safe
UPI53FCA758575A,2023-02-19 20:43:56,User_7120,User_1531,3064.51,Delhi,20,Safe
UPI184BC810597B,2023-07-27 23:37:45,User_4781,User_8042,1022.65,Kolkata,23,Safe
UPI3C0ED1122B0E,2023-04-27 02:25:16,User_7881,User_6384,277148.81,Chennai,2,High Risk (Amount Outlier)
UPI11FCD1F01174,2023-05-08 02:36:12,User_9067,User_4976,89912.54,Hyderabad,2,High Risk (Amount Outlier)
UPID830A265EFC3,2023-02-12 10:54:04,User_5521,User_8001,1967.31,Jaipur,10,Safe
UPIF9601D052F48,2023-01-21 18:22:35,User_4082,User_8421,5769.99,Bangalore,18,Safe
UPI1B770EDB8EDE,2023-03-29 10:01:34,User_9205,User_5474,6324.65,Hyderabad,10,Safe
UPI5DE5FEB480A3,2023-12-05 18:09:45,User_6582,User_7777,5211.69,Pune,18,Safe
UPIF21CA8A4CF4B,2023-02-05 06:25:17,User_1188,User_1528,4682.01,Lucknow,6,Safe
UPI417C5270C48E,2023-05-21 23:18:01,User_9071,User_5870,6751.01,Mumbai,23,Safe
UPIDA3524E46C25,2023-10-23 22:06:37,User_7605,User_9774,5080.67,Ahmedabad,22,Safe
UPI1290344843C4,2023-02-22 02:37:49,User_3924,User_8609,164491.62,Pune,2,High Risk (Amount Outlier)
UPI83A3934E8B6C,2023-07-07 16:37:24,User_4664,User_8126,77.7,Bangalore,16,Safe
UPI04B964C485CF,2023-09-22 06:56:46,User_1183,User_5206,8852.41,Mumbai,6,Safe
UPIE5EF082AB4A4,2023-02-12 20:51:48,User_7206,User_9993,430.49,Delhi,20,Safe
UPI282541E012E7,2023-06-18 22:41:15,User_7852,User_6115,9351.15,Hyderabad,22,Safe
UPIF9D92AE982C9,2023-07-09 20:19:00,User_1371,User_7446,722.73,Bangalore,20,Safe
UPI2F2023EAA7AC,2023-12-28 13:02:19,User_1790,User_7366,8532.16,Kolkata,13,Safe
UPIE587AA6C8165,2023-12-12 18:49:59,User_1446,User_6792,2915.92,Kolkata,18,Safe
UPI157408831CED,2023-07-15 16:14:20,User_3540,User_3055,6726.38,Delhi,16,Safe
UPI590DCF7D06F6,2023-09-23 20:53:05,User_9134,User_7725,1740.01,Delhi,20,Safe
UPIBFF507B27596,2023-01-14 22:01:51,User_3749,User_3012,8012.35,Ahmedabad,22,Safe
UPI21AABABBA564,2023-03-15 09:02:13,User_9498,User_3378,9313.0,Kolkata,9,Safe
UPI403F5B918A05,2023-01-23 21:44:50,User_3008,User_9358,465.86,Kolkata,21,Safe
UPIF98C71AABB77,2023-08-31 13:21:41,User_5831,User_2140,410.33,Delhi,13,Safe
UPI93B1316B6D19,2023-03-03 21:01:57,User_1432,User_9786,1209.11,Pune,21,Safe
UPIA93E46FAC6E3,2023-05-27 17:44:41,User_5460,User_9744,6640.96,Bangalore,17,Safe
UPI8B8735637BBB,2023-07-30 11:07:14,User_4950,User_5413,5733.26,Kolkata,11,Safe
UPID24E26476558,2023-08-14 07:20:23,User_5844,User_5557,2191.56,Hyderabad,7,Safe
UPI62791C28489A,2023-03-13 18:08:51,User_5017,User_2248,7158.96,Jaipur,18,Safe
UPI3462DF434219,2023-05-19 22:32:23,User_3733,User_7264,4098.78,Delhi,22,Safe
UPI550DCD01BE32,2023-01-06 19:12:57,User_6028,User_6314,3271.8,Ahmedabad,19,Safe
UPICFD34B15560B,2023-06-11 11:01:58,User_2071,User_2933,426.05,Lucknow,11,Safe
UPIC4E31D689187,2023-09-17 22:14:48,User_5982,User_5544,7132.62,Hyderabad,22,Safe
UPI26D3E0292343,2023-06-26 09:34:02,User_4438,User_8230,2947.15,Lucknow,9,Safe
UPIBB5121EDB55D,2023-01-19 18:12:56,User_1830,User_1589,2978.03,Jaipur,18,Safe
UPI3A6F286B8432,2023-04-08 19:29:49,User_4773,User_2672,6891.3,Chennai,19,Safe
UPICBDB0F13DE20,2023-08-11 08:55:14,User_4666,User_3806,7515.19,Mumbai,8,Safe
UPI46D02BC06221,2023-11-12 18:48:50,User_7538,User_2132,9454.8,Chennai,18,Safe
UPI32A6BD098E51,2023-01-20 13:59:21,User_5855,User_9552,5995.18,Ahmedabad,13,Safe
UPI37BC259AEB63,2023-11-18 06:31:17,User_8063,User_3363,5621.72,Kolkata,6,Safe
UPIF24EEAA93A6B,2023-06-22 16:16:25,User_2059,User_9549,8536.85,Delhi,16,Safe
UPIC524C702FDFC,2023-03-04 07:28:18,User_9052,User_5519,9824.3,Bangalore,7,Safe
UPID54646FB9FDE,2023-07-14 10:23:21,User_6304,User_8212,9816.4,Delhi,10,Safe
UPIAACEDF231711,2023-09-20 16:58:41,User_9385,User_5680,9004.05,Bangalore,16,Safe
UPI4560E3CED714,2023-09-05 23:17:32,User_4952,User_4500,4460.79,Chennai,23,Safe
UPIBAB4DBE33252,2023-08-10 12:56:17,User_1426,User_1421,722.62,Jaipur,12,Safe
UPICFEDF3FFC0E8,2023-09-17 19:52:40,User_3145,User_3178,8960.52,Hyderabad,19,Safe
UPI2744CF2C0343,2023-07-03 12:26:38,User_4504,User_2495,9696.83,Lucknow,12,Safe
UPI4A98C99402CD,2023-04-12 10:45:37,User_3886,User_3654,8937.53,Pune,10,Safe
UPI4EF3870D05C7,2023-03-16 18:04:51,User_5822,User_4756,9513.9,Hyderabad,18,Safe
UPIF5D9C7224809,2023-12-09 08:51:02,User_7501,User_1176,4383.14,Bangalore,8,Safe
UPI863DD580F434,2023-09-06 06:02:09,User_2176,User_6664,2691.68,Ahmedabad,6,Safe
UPIF01B0CDF9333,2023-01-18 13:09:33,User_6562,User_8321,9009.23,Pune,13,Safe
UPI2877274AA3AA,2023-12-22 23:33:28,User_8651,User_5138,2744.85,Ahmedabad,23,Safe
UPI7419FBA73E91,2023-06-16 18:57:49,User_5761,User_5612,4020.49,Hyderabad,18,Safe
UPI6CA224F1DC22,2023-11-05 07:14:48,User_6135,User_4454,9451.61,Hyderabad,7,Safe
UPIFF770559AAB2,2023-11-03 21:16:15,User_2864,User_8424,941.59,Chennai,21,Safe
UPIC49B5F76C450,2023-06-23 08:12:06,User_6659,User_2601,8978.95,Ahmedabad,8,Safe
UPI9809CBB75DB2,2023-07-19 22:16:04,User_8079,User_8490,2813.76,Pune,22,Safe
UPI2BF611CE6951,2023-07-01 12:58:32,User_4286,User_2556,8234.93,Pune,12,Safe
UPI37D53A2F3AEF,2023-05-28 07:21:18,User_7019,User_9414,7344.85,Jaipur,7,Safe
UPI37669CDC5DD3,2023-07-09 15:57:09,User_2087,User_3951,7997.12,Kolkata,15,Safe
UPI12CB5F153EFC,2023-03-25 20:40:47,User_9735,User_7473,696.45,Lucknow,20,Safe
UPI5A41CEACF248,2023-03-01 13:39:51,User_7173,User_6181,9982.65,Bangalore,13,Safe
UPI4A9D38285CD3,2023-11-06 21:30:01,User_4625,User_4807,9080.55,Chennai,21,Safe
UPI8D996425C8E5,2023-04-18 10:46:50,User_5550,User_6298,4154.57,Pune,10,Safe
UPI568E31F9F5D8,2023-01-25 19:16:05,User_2115,User_2915,568.94,Kolkata,19,Safe
UPIFD8A2F441202,2023-10-06 23:28:41,User_5804,User_7860,5142.34,Mumbai,23,Safe
UPICC60E4A1E5B6,2023-03-10 06:40:01,User_9970,User_7163,8695.57,Kolkata,6,Safe
UPI5D40480C7B4B,2023-05-17 17:30:43,User_4355,User_3851,1851.82,Delhi,17,Safe
UPI8EE28C042533,2023-03-23 23:13:33,User_5393,User_1413,5008.96,Pune,23,Safe
UPI6178C421FFD7,2023-09-22 22:28:08,User_4059,User_6043,1841.56,Lucknow,22,Safe
UPI6AAA487A3CC0,2023-07-21 19:46:15,User_6855,User_9973,7432.98,Ahmedabad,19,Safe
UPI409A8A7525C7,2023-01-02 15:10:50,User_8822,User_1638,7570.14,Pune,15,Safe
UPI8228D624D4BB,2023-06-10 21:36:56,User_2324,User_5073,8336.08,Chennai,21,Safe
UPI1A556AE5EA58,2023-12-29 22:06:49,User_2476,User_5495,9392.81,Mumbai,22,Safe
UPID1BC2A3595C8,2023-11-14 17:11:47,User_7568,User_8307,354.62,Pune,17,Safe
UPIA8B319F09122,2023-05-01 11:38:09,User_9840,User_1197,1719.02,Chennai,11,Safe
UPI63A522F534C0,2023-11-14 22:07:47,User_5025,User_7608,9104.63,Mumbai,22,Safe
UPIEC02286BE6DE,2023-07-21 06:53:10,User_5349,User_1283,8940.99,Ahmedabad,6,Safe
UPIEC2E8AFA8D16,2023-12-23 22:27:07,User_1602,User_8967,9005.1,Bangalore,22,Safe
UPI98D55B6AD6E8,2023-02-03 22:43:23,User_6023,User_7488,6903.9,Hyderabad,22,Safe
UPI6A54A0546D3A,2023-10-17 15:37:02,User_7321,User_1264,8518.44,Mumbai,15,Safe
UPI6A7ADF671864,2023-03-15 09:33:39,User_2288,User_1008,8519.53,Delhi,9,Safe
UPI34B1E103E756,2023-12-20 18:37:26,User_7133,User_5437,1097.63,Jaipur,18,Safe
UPIA9DA24DA14B0,2023-11-11 13:59:03,User_2649,User_3431,4712.89,Hyderabad,13,Safe
UPIA719767BC485,2023-01-14 22:22:14,User_1443,User_5915,2808.48,Pune,22,Safe
UPIF0F54F198565,2023-04-29 12:05:02,User_6382,User_9904,1471.96,Lucknow,12,Safe
UPI54B53695BC98,2023-10-15 07:39:40,User_6965,User_3605,7704.79,Mumbai,7,Safe
UPI5B85FE6478E7,2023-10-15 08:08:24,User_8601,User_7572,920.95,Ahmedabad,8,Safe
UPIB8A4A8693664,2023-06-01 12:12:03,User_3310,User_2532,5241.77,Hyderabad,12,Safe
UPID36C91719F3A,2023-10-27 06:33:50,User_8995,User_8460,7929.7,Hyderabad,6,Safe
UPIF1F215C95418,2023-05-21 18:07:38,User_6916,User_7217,3427.04,Delhi,18,Safe
UPI8A01E24C56B5,2023-02-03 15:04:33,User_1515,User_6210,6730.45,Bangalore,15,Safe
UPIF8F4B5076516,2023-02-09 16:02:07,User_6023,User_2442,9480.67,Chennai,16,Safe
UPI08EB52468E34,2023-08-14 20:35:35,User_3619,User_1812,8109.55,Delhi,20,Safe
UPI78432A46D725,2023-10-02 21:14:12,User_7381,User_1862,5614.71,Chennai,21,Safe
UPIB5D02341D754,2023-01-12 14:29:11,User_4608,User_2256,6625.5,Ahmedabad,14,Safe
UPI6CC4DF3E22A8,2023-10-21 11:48:00,User_2792,User_2543,2925.29,Kolkata,11,Safe
UPI0AEB7F35D389,2023-09-08 11:39:29,User_7223,User_6361,3747.68,Pune,11,Safe
UPIFAFE168D4536,2023-11-07 08:27:38,User_2537,User_4942,6424.53,Pune,8,Safe
UPIA9DABA285E10,2023-07-12 22:11:26,User_7717,User_9628,3005.09,Kolkata,22,Safe
UPI699EA6AC0B24,2023-01-13 11:02:27,User_3826,User_2959,3627.12,Hyderabad,11,Safe
UPI4837972BEE24,2023-03-27 08:11:52,User_4801,User_6251,6681.21,Mumbai,8,Safe
UPI3E456D6EC1FB,2023-09-17 18:22:14,User_3357,User_8620,8280.78,Delhi,18,Safe
UPI5A4C815C1AB8,2023-04-05 20:08:32,User_1052,User_1947,8402.88,Kolkata,20,Safe
UPIF26C8BA9E35F,2023-04-07 23:52:11,User_1170,User_7119,6055.59,Pune,23,Safe
UPIBB99AB40EF4F,2023-05-14 14:35:53,User_1788,User_1916,9761.03,Lucknow,14,Safe
UPI6CA076E01176,2023-05-08 07:42:08,User_5726,User_7636,950.9,Delhi,7,Safe
UPID385137A76E7,2023-12-28 10:03:00,User_7333,User_2461,9094.48,Kolkata,10,Safe
UPI5325EBCB8FC7,2023-08-04 20:53:02,User_4665,User_1503,7119.59,Bangalore,20,Safe
UPIEE97BFBD05D2,2023-09-05 07:23:46,User_6537,User_5243,8152.38,Mumbai,7,Safe
UPI00B09E67A6FC,2023-05-23 19:20:43,User_8337,User_5833,3650.3,Jaipur,19,Safe
UPI284E5678D5F0,2023-11-10 18:20:22,User_2413,User_5194,5509.8,Ahmedabad,18,Safe
UPI3AE3E32D1E9C,2023-08-31 14:30:37,User_8082,User_3384,8738.87,Delhi,14,Safe
UPID904637E3526,2023-06-22 18:38:24,User_3776,User_2029,5865.81,Delhi,18,Safe
UPI1C32E901B58A,2023-02-08 22:58:34,User_7423,User_7942,6466.9,Bangalore,22,Safe
UPIF7ACB61F5BA1,2023-05-13 16:02:57,User_5308,User_1917,2467.23,Ahmedabad,16,Safe
UPIF58D43AF60DC,2023-04-17 12:36:43,User_7160,User_6666,5863.85,Delhi,12,Safe
UPI8116F046D118,2023-07-10 11:46:20,User_4705,User_9344,2807.32,Pune,11,Safe
UPI9D6140687D68,2023-12-10 17:38:35,User_6368,User_7210,4095.08,Ahmedabad,17,Safe
UPI31F80036F9D5,2023-05-29 21:37:49,User_5229,User_3943,871.37,Hyderabad,21,Safe
UPIECAFD4555D5D,2023-11-15 22:06:34,User_2302,User_2845,3353.96,Ahmedabad,22,Safe
UPI1BCED89B0F74,2023-12-30 16:55:30,User_4457,User_9550,5212.73,Chennai,16,Safe
UPI643AF10DE154,2023-10-04 09:42:14,User_6473,User_5351,6842.06,Chennai,9,Safe
UPI29B1557221EB,2023-08-31 20:27:22,User_8875,User_1012,1503.77,Jaipur,20,Safe
UPIF0C4B2195E56,2023-02-25 21:24:29,User_5319,User_3596,9494.35,Kolkata,21,Safe
UPI9CA1AF89C7CB,2023-09-08 20:30:18,User_2092,User_2690,656.6,Delhi,20,Safe
UPIE242CD069C9F,2023-12-16 21:50:44,User_4732,User_8937,1388.32,Hyderabad,21,Safe
UPI5E20B5B4D77E,2023-09-25 12:34:53,User_4777,User_2967,9761.77,Mumbai,12,Safe
UPI9F19F030117A,2023-06-07 09:52:58,User_2698,User_3022,1091.33,Ahmedabad,9,Safe
UPICBAE91A9C0E0,2023-05-02 17:09:25,User_5043,User_3765,1330.92,Bangalore,17,Safe
UPIFBF259CF1556,2023-10-18 13:47:12,User_4463,User_5449,9622.61,Pune,13,Safe
UPI83C12E829B91,2023-05-01 13:40:04,User_8059,User_9176,3856.14,Bangalore,13,Safe
UPI8386CA64E882,2023-05-13 12:43:38,User_3077,User_5945,2031.7,Kolkata,12,Safe
UPI74842A3D5735,2023-09-27 13:46:43,User_4413,User_3498,1494.54,Mumbai,13,Safe
UPIE675193B2399,2023-10-20 18:31:44,User_3643,User_3340,2557.65,Ahmedabad,18,Safe
UPI397345029403,2023-06-29 15:41:50,User_5403,User_1685,3097.51,Delhi,15,Safe
UPI97051D8D1F08,2023-01-18 22:39:39,User_9507,User_8178,4968.53,Hyderabad,22,Safe
UPIBE5979F6BE9C,2023-09-06 10:43:49,User_3941,User_1707,5485.74,Kolkata,10,Safe
UPI4604EEE647F5,2023-09-29 18:04:27,User_8743,User_5620,6976.1,Jaipur,18,Safe
UPI301702272315,2023-12-30 16:22:41,User_8833,User_2367,1994.93,Delhi,16,Safe
UPICF9C055C79B1,2023-01-28 18:59:58,User_5571,User_2484,3803.23,Chennai,18,Safe
UPIB787558CEB2E,2023-10-07 06:41:05,User_9918,User_3901,8437.95,Kolkata,6,Safe
UPIDD868FD70CF5,2023-10-22 12:48:38,User_8123,User_2213,6248.89,Chennai,12,Safe
UPI3B5DA9EFF3EB,2023-03-18 10:47:34,User_5945,User_4521,1911.39,Chennai,10,Safe
UPI871A9C894D96,2023-05-04 23:00:25,User_4905,User_3240,3802.98,Delhi,23,Safe
UPIC62DF10935C2,2023-03-16 21:25:11,User_4232,User_3067,4264.23,Pune,21,Safe
UPIF72329AC57F8,2023-05-20 22:55:36,User_6694,User_1457,3746.36,Chennai,22,Safe
UPI4924F39FCDE5,2023-05-05 16:01:01,User_2765,User_5764,6875.25,Pune,16,Safe
UPI8C033929DEF2,2023-08-01 19:28:54,User_8752,User_7839,1910.47,Ahmedabad,19,Safe
UPIB39859BB1289,2023-10-02 20:37:47,User_9763,User_2212,5717.51,Delhi,20,Safe
UPIBE5E0A543773,2023-06-28 06:45:55,User_4071,User_8368,735.99,Chennai,6,Safe
UPID30D8DEE8822,2023-10-30 18:14:00,User_8968,User_5158,8031.6,Delhi,18,Safe
UPID44A6770251C,2023-04-18 12:21:48,User_5935,User_1294,9513.28,Bangalore,12,Safe
UPI93EEE386D6A3,2023-07-18 09:42:13,User_5400,User_1396,5141.65,Chennai,9,Safe
UPI28FCCC44452F,2023-03-07 13:02:08,User_6598,User_2473,1105.94,Pune,13,Safe
UPI7C6A186450C9,2023-11-27 18:50:21,User_2548,User_2970,6422.56,Bangalore,18,Safe
UPI587C6C552FA5,2023-01-23 09:43:52,User_5895,User_1908,7782.67,Mumbai,9,Safe
UPI665A677D53BC,2023-03-26 07:58:10,User_5718,User_2577,9215.29,Bangalore,7,Safe
UPI9F35F1556E1E,2023-08-18 22:51:03,User_2650,User_2339,924.24,Pune,22,Safe
UPI2322D726F217,2023-02-20 20:01:54,User_2943,User_7177,6078.78,Chennai,20,Safe
UPI8F90FC13D343,2023-07-08 14:10:18,User_1964,User_3020,5451.93,Hyderabad,14,Safe
UPIFA8DD61E69F5,2023-01-12 17:23:43,User_2509,User_3956,2526.7,Lucknow,17,Safe
UPI4163E8EFBFC8,2023-11-08 16:43:08,User_7453,User_7480,5503.18,Hyderabad,16,Safe
UPI410D865C633E,2023-07-16 09:06:08,User_4988,User_5410,9124.05,Kolkata,9,Safe
UPIF658270D88FB,2023-12-21 08:01:46,User_5364,User_3052,696.53,Pune,8,Safe
UPI01EDBEEC71D6,2023-10-23 09:37:26,User_2121,User_5927,8256.23,Delhi,9,Safe
UPI439D96BB9F47,2023-02-04 09:01:51,User_3311,User_7354,1479.81,Bangalore,9,Safe
UPI34FD59FEB003,2023-03-04 09:23:14,User_8994,User_1159,8941.22,Jaipur,9,Safe
UPI62ED4DC57913,2023-06-26 11:45:35,User_5678,User_1412,3631.57,Pune,11,Safe
UPIC3424D667AFA,2023-08-29 11:46:56,User_2670,User_5480,6030.55,Delhi,11,Safe
UPI394549EA585B,2023-07-02 19:16:50,User_8790,User_8554,5684.5,Kolkata,19,Safe
UPI4C57A929FF34,2023-05-21 20:13:03,User_5576,User_5033,3397.04,Kolkata,20,Safe
UPI77E1D465A467,2023-02-13 11:48:55,User_2014,User_5148,5038.64,Ahmedabad,11,Safe
UPIC2343E28114C,2023-12-22 15:39:01,User_7754,User_7483,2496.66,Chennai,15,Safe
UPI530F62B12B55,2023-09-26 11:10:11,User_5158,User_5861,1697.42,Delhi,11,Safe
UPICB08F2193977,2023-02-22 19:47:24,User_8693,User_5396,7474.87,Pune,19,Safe
UPI4E68E1AE7256,2023-09-30 06:59:06,User_3713,User_5419,2821.43,Kolkata,6,Safe
UPIA293A9C28770,2023-04-11 15:57:46,User_9569,User_6065,4581.54,Ahmedabad,15,Safe
UPI2CA29E4D6AB7,2023-10-17 02:37:05,User_8023,User_6682,381968.91,Chennai,2,High Risk (Amount Outlier)
UPI227B7F2B73A9,2023-10-29 06:07:30,User_4964,User_8498,4101.68,Hyderabad,6,Safe
UPI4D5CCC9A8A7F,2023-10-07 14:10:34,User_7895,User_4036,464.47,Pune,14,Safe
UPI49BFC4958346,2023-04-09 20:37:57,User_9397,User_4252,8380.03,Pune,20,Safe
UPIDE576E67C9E2,2023-01-02 23:13:53,User_1345,User_9661,311.28,Pune,23,Safe
UPIC950B3899D6D,2023-04-28 09:56:34,User_2984,User_3851,4604.69,Chennai,9,Safe
UPI101D22326383,2023-07-29 08:42:50,User_2940,User_2869,3751.35,Pune,8,Safe
UPI7196D843BE2E,2023-08-01 01:40:58,User_9099,User_9192,127056.68,Kolkata,1,High Risk (Amount Outlier)
UPI5E1A15CFDF4B,2023-01-09 12:11:15,User_3571,User_9220,8614.85,Ahmedabad,12,Safe
UPI5D3FAE99E39F,2023-12-14 15:01:03,User_8750,User_7472,171.55,Mumbai,15,Safe
UPIC8289E3203EF,2023-03-13 16:45:04,User_8249,User_8309,9189.59,Delhi,16,Safe
UPIE452075774B0,2023-01-11 09:13:48,User_9236,User_3990,814.26,Jaipur,9,Safe
UPI8D02336425D3,2023-10-12 07:50:49,User_6006,User_2345,6780.23,Lucknow,7,Safe
UPIF6F70D4E2F2C,2023-02-18 23:13:11,User_1721,User_1905,1154.32,Bangalore,23,Safe
UPID2EF4B4D0DA3,2023-04-24 11:03:57,User_1974,User_8255,8595.58,Delhi,11,Safe
UPIDB2AA5D436BB,2023-01-20 12:39:50,User_1029,User_2018,1583.95,Pune,12,Safe
UPIF9DD35E899C2,2023-08-28 13:39:39,User_8176,User_5078,9043.74,Chennai,13,Safe
UPI682B4C88AF34,2023-10-16 16:35:05,User_8447,User_5349,238.9,Pune,16,Safe
UPIC322D9F67385,2023-07-25 07:05:20,User_4791,User_8557,2716.11,Chennai,7,Safe
UPI5631D491DD61,2023-02-12 22:48:58,User_3700,User_1999,6778.2,Delhi,22,Safe
UPI74B0CCDAA629,2023-12-18 06:38:20,User_9217,User_9066,1297.26,Lucknow,6,Safe
UPI2AD327BB5520,2023-05-17 09:47:08,User_5968,User_7467,5915.85,Pune,9,Safe
UPI858BFD6CD7DD,2023-05-02 15:45:11,User_3500,User_9492,5733.77,Ahmedabad,15,Safe
UPI78F5DE417A26,2023-03-24 06:02:46,User_3584,User_1175,557.81,Ahmedabad,6,Safe
UPI5CD07DD94DDD,2023-11-01 18:16:55,User_9807,User_5901,6875.2,Pune,18,Safe
UPI1CC8A7FC7618,2023-01-12 22:14:33,User_5349,User_3548,2464.89,Delhi,22,Safe
UPI28840BBB5F33,2023-09-04 07:48:56,User_7052,User_6767,7384.08,Mumbai,7,Safe
UPI22EE23DC33A2,2023-05-21 22:53:05,User_3520,User_1730,9792.64,Kolkata,22,Safe
UPI5A43D26D492E,2023-11-30 13:11:18,User_3635,User_1466,1231.07,Ahmedabad,13,Safe
UPIF03E0AFCB7BF,2023-05-07 07:55:31,User_8046,User_3014,5773.84,Mumbai,7,Safe
UPI4284A2C0C4CD,2023-12-23 23:16:27,User_2224,User_9779,9260.6,Pune,23,Safe
UPIA3D43C786CA5,2023-08-17 10:03:03,User_4841,User_1015,1690.11,Mumbai,10,Safe
UPIBA03BE826B37,2023-08-27 01:29:53,User_7264,User_6213,311824.33,Kolkata,1,High Risk (Amount Outlier)
UPI69F49E49E354,2023-12-06 14:07:35,User_5102,User_4883,7007.51,Chennai,14,Safe
UPI36530249D7D0,2023-09-05 23:12:48,User_9716,User_2826,4916.48,Hyderabad,23,Safe
UPI092D35132BAC,2023-10-01 21:48:29,User_8558,User_6913,521.31,Pune,21,Safe
UPI536045585B4A,2023-06-22 12:34:31,User_6055,User_4277,2309.04,Bangalore,12,Safe
UPI9D897FC4C232,2023-12-15 16:53:45,User_4782,User_6314,70.52,Chennai,16,Safe
UPI516718814D57,2023-04-25 20:16:11,User_2426,User_6758,6041.74,Ahmedabad,20,Safe
UPI5F9B19EB94E8,2023-12-14 18:03:47,User_8715,User_3481,7022.9,Jaipur,18,Safe
UPI6C12C19F1CAC,2023-12-01 14:52:14,User_3963,User_5641,9305.01,Kolkata,14,Safe
UPI32CDB45A8B49,2023-12-30 10:31:57,User_8012,User_1581,2822.81,Hyderabad,10,Safe
UPI515A37EB88DC,2023-03-09 19:37:29,User_1617,User_5873,5198.82,Jaipur,19,Safe
UPI5F7D13AF78D6,2023-04-16 07:22:21,User_7059,User_4933,2948.51,Kolkata,7,Safe
UPICB9F31AF9BDF,2023-11-28 22:35:13,User_7311,User_2944,991.88,Pune,22,Safe
UPI1C4CD764C506,2023-11-04 12:25:14,User_7493,User_7771,4457.31,Pune,12,Safe
UPI5740417BFBC3,2023-12-30 15:44:03,User_2965,User_1678,9608.0,Delhi,15,Safe
UPI8352B386E5D5,2023-08-16 22:04:15,User_8443,User_5452,2374.13,Ahmedabad,22,Safe
UPIC48AF4F66036,2023-03-14 23:56:30,User_5744,User_3047,8283.06,Kolkata,23,Safe
UPIE7030207F94D,2023-04-27 22:19:09,User_3530,User_3081,1367.88,Delhi,22,Safe
UPI8D34A1D36802,2023-08-08 06:35:53,User_9272,User_6948,3649.29,Lucknow,6,Safe
UPIE0BFF0B62FBD,2023-03-25 21:54:42,User_2782,User_3245,6556.71,Delhi,21,Safe
UPI7E47EDA1EF7F,2023-05-16 07:20:54,User_7633,User_8657,7412.07,Hyderabad,7,Safe
UPIE93D7F4CAE7B,2023-07-22 07:09:07,User_6322,User_7622,4303.66,Hyderabad,7,Safe
UPI82F30283D220,2023-10-17 21:42:07,User_5767,User_1411,4988.58,Kolkata,21,Safe
UPI086A274BCC78,2023-04-06 09:36:32,User_5156,User_7928,4401.75,Ahmedabad,9,Safe
UPI60C2B075E4E8,2023-10-24 13:34:32,User_5719,User_4995,8515.72,Mumbai,13,Safe
UPI6B9115722A09,2023-12-24 08:57:56,User_7308,User_4649,6015.73,Bangalore,8,Safe
UPI1C56B364BEF7,2023-02-27 13:41:25,User_6007,User_3320,9790.1,Pune,13,Safe
UPIEC350D338930,2023-08-06 17:54:36,User_4136,User_4341,2023.42,Delhi,17,Safe
UPIA64CFA934450,2023-10-03 12:22:43,User_6193,User_1846,6166.63,Jaipur,12,Safe
UPICC73158117D5,2023-10-07 11:43:12,User_3592,User_4770,5098.28,Bangalore,11,Safe
UPIB05018038F62,2023-10-31 17:57:51,User_3298,User_8166,686.23,Mumbai,17,Safe
UPI378FDB02C674,2023-02-13 10:18:56,User_7114,User_4037,5261.85,Mumbai,10,Safe
UPIABF433F47AE8,2023-09-24 11:25:20,User_4009,User_3660,7545.48,Bangalore,11,Safe
UPI63EE2E0AB619,2023-05-22 17:11:33,User_4796,User_8657,1896.95,Jaipur,17,Safe
UPID09D6ED8DB3E,2023-09-05 22:10:25,User_8849,User_3809,8846.25,Bangalore,22,Safe
UPIA27718481A37,2023-10-18 10:17:36,User_7488,User_1811,5902.36,Ahmedabad,10,Safe
UPI2A09B78A5F40,2023-12-04 20:31:52,User_8577,User_8650,4202.2,Hyderabad,20,Safe
UPIFD44CF576234,2023-03-03 08:41:37,User_7653,User_4205,221.29,Pune,8,Safe
UPI875E81610796,2023-04-09 09:27:36,User_4613,User_8962,1571.15,Hyderabad,9,Safe
UPIC3ABD72F2C9A,2023-10-10 21:38:54,User_3920,User_1286,4283.23,Pune,21,Safe
UPI64DEB9BE079E,2023-01-11 08:13:44,User_8174,User_1241,4884.55,Hyderabad,8,Safe
UPIF0E61BF860CA,2023-09-09 16:18:29,User_6327,User_5271,6190.11,Hyderabad,16,Safe
UPIB6EB54FDE26A,2023-08-02 09:28:30,User_4032,User_3442,2895.96,Chennai,9,Safe
UPI14BF352BF52E,2023-06-11 08:59:29,User_7194,User_8054,5100.07,Pune,8,Safe
UPI4A5FD500DF22,2023-06-17 19:20:09,User_2125,User_4385,1374.01,Jaipur,19,Safe
UPIAD14AE1B8CD7,2023-05-03 16:52:12,User_9843,User_7159,2927.47,Lucknow,16,Safe
UPI9E059BC327B5,2023-12-06 23:26:21,User_4707,User_7961,836.67,Jaipur,23,Safe
UPI72FDFFCBB381,2023-04-11 06:22:24,User_5009,User_7897,6164.8,Bangalore,6,Safe
UPIA3D6A1B2FF66,2023-02-08 10:24:48,User_2892,User_6251,9156.89,Jaipur,10,Safe
UPI9B13E129FA86,2023-04-20 22:08:03,User_1851,User_4607,445.75,Delhi,22,Safe
UPI4ECB560647C3,2023-08-18 10:01:07,User_4483,User_3499,7432.22,Hyderabad,10,Safe
UPI1C11A9CA667C,2023-11-26 02:22:08,User_4041,User_5141,218399.24,Jaipur,2,High Risk (Amount Outlier)
UPID1C1631D3F35,2023-05-26 20:17:56,User_2781,User_9672,479.73,Lucknow,20,Safe
UPI068BC98DE416,2023-02-26 15:38:53,User_3007,User_2017,782.57,Delhi,15,Safe
UPIA725792E34FA,2023-04-10 17:40:27,User_6085,User_1133,5880.53,Ahmedabad,17,Safe
UPIB756CD1394D5,2023-11-24 12:26:09,User_4188,User_9896,8449.01,Delhi,12,Safe
UPIC48248A5D924,2023-02-04 09:10:00,User_5269,User_4280,321.39,Mumbai,9,Safe
UPIA14A78EB3173,2023-01-04 07:26:34,User_1869,User_9372,7355.33,Pune,7,Safe
UPI39CAD728CC6E,2023-08-15 20:57:30,User_9235,User_6424,5080.92,Lucknow,20,Safe
UPID4C2E44C06CC,2023-04-23 06:42:08,User_3556,User_7028,958.04,Delhi,6,Safe
UPICE4FDF904E10,2023-08-08 07:58:07,User_5955,User_7827,9209.45,Chennai,7,Safe
UPIFC29FBF51A86,2023-09-05 06:02:12,User_7921,User_9994,2220.46,Kolkata,6,Safe
UPI6F3EE2953656,2023-12-20 12:35:21,User_5672,User_1412,3514.36,Jaipur,12,Safe
UPI8B37040F8151,2023-06-22 07:30:57,User_7628,User_2775,6710.1,Lucknow,7,Safe
UPI9A6FFB42452D,2023-06-12 09:59:47,User_7428,User_7279,2887.73,Kolkata,9,Safe
UPI65EA8F72F1E8,2023-09-30 08:33:04,User_3561,User_2386,4372.42,Jaipur,8,Safe
UPI601F726EA893,2023-10-30 21:15:37,User_2223,User_3358,8794.43,Jaipur,21,Safe
UPI68B29C91F54F,2023-08-22 23:18:57,User_3764,User_5180,1759.45,Ahmedabad,23,Safe
UPIC88BBEF23412,2023-11-06 14:51:26,User_9164,User_1785,3355.32,Chennai,14,Safe
UPIB25AB80D1115,2023-09-25 20:06:30,User_6953,User_7631,5902.03,Bangalore,20,Safe
UPI5F1CACACCD2F,2023-06-19 21:43:03,User_4892,User_9508,6018.94,Jaipur,21,Safe
UPI54267F6A649C,2023-04-08 10:53:51,User_4873,User_4050,8848.28,Kolkata,10,Safe
UPI887467A56932,2023-10-04 22:40:42,User_6650,User_6345,7901.1,Chennai,22,Safe
UPI250F7AA74A3A,2023-01-28 16:23:49,User_6322,User_4009,8248.33,Bangalore,16,Safe
UPIA7E8C6740C4D,2023-10-09 09:21:37,User_7483,User_3885,1160.9,Delhi,9,Safe
UPIA9C610A2FBE2,2023-04-10 17:44:28,User_6111,User_5299,5162.7,Bangalore,17,Safe
UPIC7D731B44B5B,2023-05-02 22:07:44,User_7832,User_7803,6741.21,Hyderabad,22,Safe
UPI9D4C09FA2CB2,2023-01-02 20:55:37,User_9430,User_1529,1916.65,Bangalore,20,Safe
UPI5A1EE6A34CDD,2023-01-25 22:03:51,User_3070,User_3949,145.48,Delhi,22,Safe
UPIB09DD3CE2B5D,2023-04-08 15:05:46,User_5295,User_4984,739.68,Lucknow,15,Safe
UPI31C8493DE0D8,2023-09-19 12:46:32,User_1104,User_5430,302.59,Delhi,12,Safe
UPI9EBC354AF317,2023-01-14 10:28:23,User_8759,User_9347,6090.12,Delhi,10,Safe
UPIBC96178799F0,2023-01-10 06:33:05,User_8897,User_5974,1912.56,Ahmedabad,6,Safe
UPI4D9E89B86191,2023-05-02 06:43:58,User_5687,User_1340,9222.96,Lucknow,6,Safe
UPI292A7F57E6EE,2023-06-05 10:42:22,User_5692,User_8548,8084.69,Chennai,10,Safe
UPI4EDEC6A78E6D,2023-01-27 14:49:22,User_7221,User_7675,2406.71,Hyderabad,14,Safe
UPIB8EB02774626,2023-01-17 16:17:37,User_8228,User_9556,50.86,Bangalore,16,Safe
UPI878D2BEBAEF9,2023-06-05 13:22:45,User_9429,User_7777,6157.8,Ahmedabad,13,Safe
UPIED5F306E44E8,2023-06-29 18:50:35,User_2009,User_9122,2226.18,Ahmedabad,18,Safe
UPI752080EBD60F,2023-02-11 09:56:47,User_4247,User_6203,5382.73,Delhi,9,Safe
UPIB301BD7D9C75,2023-05-10 14:38:40,User_9718,User_7069,7312.44,Jaipur,14,Safe
UPIF046B4340162,2023-05-25 12:36:26,User_9087,User_9026,7448.51,Kolkata,12,Safe
UPIC3D88EDF6A10,2023-03-29 13:40:03,User_9832,User_2807,6586.05,Bangalore,13,Safe
UPI2F5D29A1B3CE,2023-08-09 18:58:56,User_8080,User_8137,1619.62,Chennai,18,Safe
UPI435215AECDB7,2023-12-16 15:39:47,User_8656,User_7001,5279.31,Ahmedabad,15,Safe
UPI1F03B6F372AE,2023-02-26 11:29:57,User_7040,User_9804,3265.38,Mumbai,11,Safe
UPI9E13AD5D5E69,2023-11-17 23:28:06,User_8385,User_4944,2326.83,Kolkata,23,Safe
UPIC026F938B0C2,2023-08-18 10:13:39,User_2700,User_1347,4536.51,Kolkata,10,Safe
UPIC2A2223AFF9C,2023-01-04 14:19:34,User_1272,User_5989,9692.47,Chennai,14,Safe
UPI5DDBD44C7BF4,2023-01-08 08:38:30,User_9452,User_9450,8769.72,Chennai,8,Safe
UPI680EC8754BB0,2023-10-12 15:06:57,User_5849,User_5934,3430.23,Hyderabad,15,Safe
UPI1CD470D92AD1,2023-04-22 22:45:18,User_3670,User_5905,9014.16,Mumbai,22,Safe
UPI60F277FD1DDC,2023-06-16 17:28:29,User_1914,User_5882,846.34,Hyderabad,17,Safe
UPICD418D2255C4,2023-11-20 20:05:08,User_8476,User_5665,2478.94,Chennai,20,Safe
UPI3E80FD708767,2023-07-22 14:41:46,User_7597,User_4236,5578.29,Hyderabad,14,Safe
UPID3DBA09DB04F,2023-09-10 13:03:06,User_5150,User_6007,361.94,Ahmedabad,13,Safe
UPIFC056E6BE3D7,2023-12-09 22:56:32,User_9344,User_5599,2268.3,Jaipur,22,Safe
UPI46B398C6A1E9,2023-08-25 03:39:56,User_7196,User_7770,208395.86,Hyderabad,3,High Risk (Amount Outlier)
UPI7353EEC7A447,2023-10-22 21:04:31,User_7074,User_9995,6893.93,Mumbai,21,Safe
UPI71634A405F2D,2023-12-06 10:32:08,User_1169,User_4184,647.09,Ahmedabad,10,Safe
UPI5BAD3EBDDED4,2023-11-16 06:01:13,User_5120,User_1335,3349.87,Delhi,6,Safe
UPIE3F3008B7880,2023-09-24 01:53:10,User_4182,User_9209,68232.23,Lucknow,1,High Risk (Amount Outlier)
UPI1896E639D380,2023-04-15 06:35:17,User_1383,User_1534,1416.97,Chennai,6,Safe
UPI5F331E15C27C,2023-04-04 09:24:03,User_3330,User_9989,8655.08,Lucknow,9,Safe
UPI168C13A3F162,2023-12-06 06:50:31,User_8316,User_9359,4670.23,Mumbai,6,Safe
UPICBD46E34D7B2,2023-12-05 09:51:59,User_1488,User_6763,3523.88,Jaipur,9,Safe
UPI98D4F002C8B6,2023-01-31 18:15:23,User_5948,User_6657,2942.82,Pune,18,Safe
UPIFFE0EB6F498D,2023-02-13 15:16:31,User_5689,User_1607,3346.1,Bangalore,15,Safe
UPID7BA5A14EE75,2023-12-23 13:27:14,User_4181,User_3082,6028.9,Bangalore,13,Safe
UPI4DC5FE390520,2023-04-20 08:53:09,User_6406,User_5961,4778.26,Hyderabad,8,Safe
UPI8696EB5789D5,2023-04-12 22:53:10,User_4087,User_2065,8711.72,Lucknow,22,Safe
UPIE447497F4749,2023-06-23 04:28:13,User_3789,User_7395,347470.8,Delhi,4,High Risk (Amount Outlier)
UPI88945FC7635B,2023-03-12 10:24:49,User_1943,User_1425,4176.51,Delhi,10,Safe
UPI24B0C31E3460,2023-10-25 17:32:52,User_2836,User_6256,467.44,Lucknow,17,Safe
UPIFDB9A55EC45E,2023-06-16 12:56:05,User_9067,User_7658,229.83,Chennai,12,Safe
UPIBB16A79EE518,2023-10-10 01:32:10,User_1496,User_2975,427483.91,Bangalore,1,High Risk (Amount Outlier)
UPI523A086FB4BF,2023-08-27 23:08:40,User_9265,User_9077,9424.76,Chennai,23,Safe
UPIC67BC864E2CD,2023-03-18 16:12:38,User_8803,User_7401,6631.99,Mumbai,16,Safe
UPI8D0A3B1D2BA0,2023-06-28 11:44:07,User_9293,User_9251,9030.55,Kolkata,11,Safe
UPI6C3AAC669A2A,2023-10-03 14:17:38,User_4527,User_1442,3638.29,Pune,14,Safe
UPIBB9BE5574268,2023-07-08 13:40:45,User_5488,User_1519,7061.8,Lucknow,13,Safe
UPI2765553E8328,2023-05-01 02:47:38,User_2833,User_9673,388168.15,Kolkata,2,High Risk (Amount Outlier)
UPI5F4B48F1B4CD,2023-05-19 21:21:06,User_4827,User_8394,4933.18,Pune,21,Safe
UPI19EBC4C9D9FF,2023-08-27 14:47:21,User_6436,User_7452,2718.95,Mumbai,14,Safe
UPIACB8E7DB32E4,2023-05-29 20:54:16,User_8795,User_4591,9742.4,Mumbai,20,Safe
UPIF46256EF0F70,2023-01-09 14:04:30,User_9034,User_3292,4959.44,Delhi,14,Safe
UPIB00F17342C4D,2023-01-12 18:30:09,User_3088,User_7603,5729.04,Kolkata,18,Safe
UPIE19376A80206,2023-10-18 01:26:10,User_7524,User_6278,288526.08,Hyderabad,1,High Risk (Amount Outlier)
UPIFBE4E9F5BA2E,2023-04-24 16:02:24,User_8877,User_3292,1388.61,Kolkata,16,Safe
UPI55F284C5AA4F,2023-09-23 12:04:51,User_2784,User_3131,6904.4,Pune,12,Safe
UPI6AF0DA0FD07A,2023-07-15 22:17:28,User_5805,User_5533,1325.06,Ahmedabad,22,Safe
UPIEB824059E7F2,2023-04-24 09:40:38,User_7520,User_8217,9037.03,Bangalore,9,Safe
UPIEEC87BCE2C40,2023-08-29 19:05:55,User_1178,User_5789,2835.81,Delhi,19,Safe
UPI796429CCEEBF,2023-11-30 04:16:40,User_6190,User_1570,260183.06,Jaipur,4,High Risk (Amount Outlier)
UPI021AAB1298CF,2023-10-10 18:48:35,User_8371,User_5296,8090.97,Pune,18,Safe
UPIC2E550CDE0F2,2023-08-09 21:57:29,User_3372,User_3403,7817.96,Mumbai,21,Safe
UPIA5E8BE80B27D,2023-06-16 10:17:32,User_7969,User_7956,500.91,Ahmedabad,10,Safe
UPI23DE08D8D42B,2023-01-13 06:54:56,User_2026,User_1565,4043.99,Delhi,6,Safe
UPIE1923D954184,2023-05-10 08:55:28,User_7638,User_1344,6114.89,Bangalore,8,Safe
UPIE4FFAE4513D4,2023-08-20 16:12:28,User_9526,User_1441,8112.22,Jaipur,16,Safe
UPI4341C9B63181,2023-01-04 17:51:38,User_2151,User_6773,7945.21,Hyderabad,17,Safe
UPI47E0DC6F25F6,2023-06-10 09:57:31,User_7450,User_2888,3815.32,Delhi,9,Safe
UPIDA5C7E35E27E,2023-01-13 06:14:35,User_5613,User_4164,7854.48,Delhi,6,Safe
UPI34688F2F123F,2023-03-01 22:30:23,User_3681,User_5213,6592.51,Ahmedabad,22,Safe
UPI62553E2FA121,2023-08-01 19:31:22,User_8213,User_4515,22.16,Chennai,19,Safe
UPID3B04A725D33,2023-06-12 22:32:10,User_7239,User_3568,9819.3,Bangalore,22,Safe
UPI845D98A3348D,2023-01-04 11:20:37,User_5518,User_3375,8030.37,Ahmedabad,11,Safe
UPIDB80A297448A,2023-08-13 06:58:41,User_6768,User_6746,9542.37,Pune,6,Safe
UPI6FEF5CB546B2,2023-05-11 18:51:04,User_3743,User_3439,6009.51,Kolkata,18,Safe
UPIB98CF5751E78,2023-03-08 19:12:16,User_9649,User_5625,6926.94,Mumbai,19,Safe
UPI2EA11BD09B3E,2023-08-06 14:35:00,User_6435,User_4367,8005.49,Mumbai,14,Safe
UPI7099A7F37CBB,2023-09-17 21:06:37,User_1589,User_3765,7983.41,Lucknow,21,Safe
UPICC87B470A93B,2023-09-10 22:04:41,User_3909,User_1922,3763.31,Chennai,22,Safe
UPI338D5C7A87DB,2023-01-30 08:14:45,User_4529,User_8253,4799.41,Mumbai,8,Safe
UPI86D861373E49,2023-08-12 13:30:11,User_5955,User_8783,3750.47,Delhi,13,Safe
UPI56B06CDC988E,2023-01-12 14:22:04,User_7755,User_9395,125.43,Hyderabad,14,Safe
UPI1431B13E9C17,2023-12-10 21:15:19,User_1786,User_3850,6028.79,Lucknow,21,Safe
UPI51091DD63E74,2023-09-24 07:35:59,User_7499,User_5091,9465.17,Delhi,7,Safe
UPI9FE3B5A275DF,2023-07-31 21:29:01,User_4915,User_5627,2807.37,Mumbai,21,Safe
UPIE104C95548E9,2023-02-11 08:18:48,User_1666,User_9629,2078.49,Chennai,8,Safe
UPI23E10B9FA059,2023-08-04 14:44:43,User_6685,User_9711,918.9,Delhi,14,Safe
UPI59CE59338835,2023-10-09 19:22:09,User_2573,User_2232,5466.27,Ahmedabad,19,Safe
UPI0D1D3E5AA59B,2023-05-21 19:42:14,User_9071,User_8059,7433.35,Kolkata,19,Safe
UPI43512ABB8C25,2023-02-12 19:51:27,User_2917,User_3508,5917.93,Ahmedabad,19,Safe
UPI1D4AF1CB4465,2023-09-20 21:09:46,User_3884,User_2000,8882.2,Ahmedabad,21,Safe
UPID0CB4BDCC1B6,2023-09-18 08:14:42,User_7700,User_8702,3085.69,Ahmedabad,8,Safe
UPIE364AEE44150,2023-04-18 09:08:03,User_2430,User_7840,8832.66,Mumbai,9,Safe
UPI6571E189A31B,2023-01-25 14:19:34,User_4977,User_2247,4886.59,Mumbai,14,Safe
UPI0BE373016EA9,2023-05-25 22:42:21,User_1580,User_1487,9837.79,Jaipur,22,Safe
UPI8603749A6072,2023-12-19 23:20:45,User_8544,User_7108,1512.85,Delhi,23,Safe
UPIC7EAB4D26D3B,2023-11-17 14:29:27,User_8137,User_1571,5298.18,Mumbai,14,Safe
UPI346A09876EF2,2023-09-29 12:13:49,User_6002,User_7680,9889.03,Lucknow,12,Safe
UPI1C5FE59EBA45,2023-12-15 21:50:50,User_6070,User_9595,4280.9,Kolkata,21,Safe
UPI14ACC818FA1F,2023-06-14 13:14:14,User_7496,User_9684,5506.49,Hyderabad,13,Safe
UPI3B4FE5FE84AB,2023-05-06 13:49:23,User_2377,User_2241,5442.15,Kolkata,13,Safe
UPICCC77417522D,2023-04-27 20:47:36,User_4570,User_6094,2303.64,Kolkata,20,Safe
UPI879F11504E0C,2023-09-14 06:09:18,User_6367,User_5221,8419.24,Delhi,6,Safe
UPI94EDAE61B69C,2023-09-23 19:56:09,User_3967,User_5451,5453.94,Jaipur,19,Safe
UPIE3D8F24655B9,2023-08-25 14:00:11,User_2174,User_5015,2593.67,Ahmedabad,14,Safe
UPI6E8CA3F9C278,2023-11-06 11:07:24,User_5693,User_6819,8198.65,Ahmedabad,11,Safe
UPIF5DCB39E1308,2023-03-16 10:28:44,User_4970,User_1013,8040.85,Bangalore,10,Safe
UPI32D450E3CB3F,2023-12-24 22:54:51,User_9301,User_6145,7156.28,Mumbai,22,Safe
UPI03EF603852E5,2023-10-14 23:13:20,User_9858,User_8683,7838.55,Kolkata,23,Safe
UPI6FAD43A8D394,2023-06-05 12:36:32,User_5990,User_9408,3862.74,Jaipur,12,Safe
UPI650562A23862,2023-07-07 09:21:15,User_2252,User_5945,8040.14,Mumbai,9,Safe
UPI915E2BED4537,2023-03-22 07:23:31,User_6998,User_4995,2211.95,Chennai,7,Safe
UPIDFA9E3B2D32D,2023-01-06 21:43:24,User_6752,User_4685,8375.65,Pune,21,Safe
UPI549D599AAA4E,2023-02-01 17:11:17,User_8325,User_8713,966.34,Jaipur,17,Safe
UPI4503B9A26C24,2023-03-15 09:24:24,User_6356,User_1649,3881.87,Lucknow,9,Safe
UPI320E13EB8439,2023-11-09 15:23:34,User_7162,User_2529,8215.2,Mumbai,15,Safe
UPI4438968DEE25,2023-08-24 07:03:53,User_3670,User_8284,2375.99,Hyderabad,7,Safe
UPI5D9050652240,2023-02-05 02:48:18,User_8041,User_9683,170782.72,Bangalore,2,High Risk (Amount Outlier)
UPIE6581C7C46D0,2023-08-14 12:27:08,User_9115,User_4129,2551.85,Lucknow,12,Safe
UPIC0C613DCDB88,2023-06-23 12:04:52,User_8613,User_4437,4347.39,Hyderabad,12,Safe
UPI3BF2D1E6D54B,2023-05-03 20:00:47,User_8599,User_1395,2016.54,Lucknow,20,Safe
UPI792CD4F74260,2023-05-27 17:29:44,User_9853,User_2841,2513.69,Lucknow,17,Safe
UPI2DF14EFF2344,2023-03-03 21:03:13,User_8366,User_4762,9381.13,Ahmedabad,21,Safe
UPI51428376CA59,2023-01-11 18:15:05,User_2943,User_3482,3063.0,Bangalore,18,Safe
UPIC11E8ECC42CF,2023-08-22 23:16:57,User_3931,User_9858,328.3,Jaipur,23,Safe
UPIF2311709ABFD,2023-04-22 19:42:50,User_8640,User_3954,5973.89,Pune,19,Safe
UPIBF892A6016E5,2023-03-31 20:25:50,User_6352,User_8032,8796.86,Mumbai,20,Safe
UPI5832C7BDEA9F,2023-07-06 18:00:37,User_9070,User_4440,4425.52,Lucknow,18,Safe
UPID3E8B6E6BDAA,2023-12-20 13:18:56,User_5744,User_9071,6564.73,Hyderabad,13,Safe
UPID2808C3605D7,2023-01-26 21:28:56,User_5096,User_4583,8991.6,Chennai,21,Safe
UPI09039AC55A56,2023-05-05 18:45:20,User_9073,User_3599,5011.05,Hyderabad,18,Safe
UPI73C5EDDDAB70,2023-12-25 21:55:46,User_2735,User_5711,413.64,Kolkata,21,Safe
UPI9E5BDEB8733A,2023-06-20 10:49:08,User_5254,User_8219,2812.25,Bangalore,10,Safe
UPI55DB3CA33062,2023-12-15 09:15:01,User_6283,User_6429,8514.24,Kolkata,9,Safe
UPI2EF6A1B3401C,2023-11-03 01:18:20,User_3116,User_1307,96722.05,Delhi,1,High Risk (Amount Outlier)
UPI44A0F415AB3B,2023-04-26 09:10:26,User_2658,User_8079,5981.58,Ahmedabad,9,Safe
UPIE11ED4E38D57,2023-03-11 11:06:04,User_6084,User_7372,1017.2,Lucknow,11,Safe
UPI4341A3FCDEEC,2023-12-13 10:17:01,User_4750,User_8567,3420.91,Mumbai,10,Safe
UPI209D14339A24,2023-01-17 12:09:15,User_7421,User_2791,1848.13,Pune,12,Safe
UPIB59F7BF71390,2023-09-03 19:03:05,User_4151,User_9491,3438.35,Lucknow,19,Safe
UPI73AA07815CF0,2023-09-23 17:59:30,User_9947,User_7300,189.35,Kolkata,17,Safe
UPI7624CCF19310,2023-03-30 16:53:49,User_3328,User_8761,2096.95,Kolkata,16,Safe
UPI5A26092FE913,2023-06-04 22:52:35,User_2712,User_9165,5611.84,Chennai,22,Safe
UPIB62CA5648A43,2023-02-18 08:18:39,User_6784,User_3360,1610.08,Kolkata,8,Safe
UPI0C464E0ED3CF,2023-09-22 15:18:22,User_2351,User_6294,3591.29,Chennai,15,Safe
UPI1B82396867E1,2023-10-01 12:02:54,User_7702,User_5751,6105.98,Bangalore,12,Safe
UPI7E62D117F68C,2023-01-18 15:17:22,User_2687,User_6435,9128.78,Ahmedabad,15,Safe
UPIE0E3F4FD1C71,2023-01-24 02:04:59,User_1220,User_2456,297495.46,Pune,2,High Risk (Amount Outlier)
UPI466B94E7D9BE,2023-09-20 20:38:00,User_3011,User_5699,1412.07,Ahmedabad,20,Safe
UPIDBB991B030BA,2023-06-24 08:45:19,User_6387,User_4439,3269.86,Hyderabad,8,Safe
UPI9CD91EEEA895,2023-08-01 10:49:16,User_9397,User_6540,370.44,Jaipur,10,Safe
UPI76F4186225AC,2023-08-26 12:08:35,User_4009,User_8023,540.37,Bangalore,12,Safe
UPI41588E3EF2BD,2023-10-30 09:50:27,User_8969,User_7421,3477.99,Chennai,9,Safe
UPI071546951269,2023-06-01 21:30:39,User_5814,User_4879,7886.38,Kolkata,21,Safe
UPI2D56A958718D,2023-10-21 03:36:55,User_7417,User_9420,212773.52,Lucknow,3,High Risk (Amount Outlier)
UPI2EAED9A4C7B6,2023-07-15 15:28:51,User_2038,User_2693,4109.09,Chennai,15,Safe
UPI8AD543D172AB,2023-06-02 21:40:34,User_8641,User_5310,8374.16,Mumbai,21,Safe
UPI62638AAE2E48,2023-09-25 19:19:28,User_9788,User_4270,902.83,Pune,19,Safe
UPIBADE63AF9AF0,2023-10-24 16:14:37,User_5138,User_3229,6361.72,Hyderabad,16,Safe
UPID048313BFF50,2023-12-03 02:50:17,User_7799,User_4223,326842.2,Ahmedabad,2,High Risk (Amount Outlier)
